error	steps
335300115.0	0.0
332830931.0	1.0
330410126.0	2.0
329479609.0	3.0
326788980.0	4.0
324781900.0	5.0
324170383.0	6.0
322058699.0	7.0
320507274.0	8.0
320207143.0	9.0
318598862.0	10.0
316928481.0	11.0
315121274.0	12.0
314336221.0	13.0
311937209.0	14.0
310013538.0	15.0
309468348.0	16.0
308235019.0	17.0
307503447.0	18.0
307152672.0	19.0
305402765.0	20.0
304893553.0	21.0
303180336.0	22.0
302171673.0	23.0
301336664.0	24.0
300705477.0	25.0
300240675.0	26.0
299526043.0	27.0
297302843.0	28.0
295852592.0	29.0
293521465.0	30.0
293041840.0	31.0
292421741.0	32.0
291943247.0	33.0
291229124.0	34.0
290817786.0	35.0
289157610.0	36.0
288604576.0	37.0
286034070.0	38.0
285750999.0	39.0
285221392.0	40.0
284604041.0	41.0
283294395.0	42.0
282151642.0	43.0
280217273.0	44.0
280093805.0	45.0
279327077.0	46.0
278489491.0	47.0
277887104.0	48.0
277369387.0	49.0
277021401.0	50.0
275589925.0	51.0
273478219.0	52.0
272896517.0	53.0
271088618.0	54.0
270798011.0	55.0
269700286.0	56.0
268471266.0	57.0
267879322.0	58.0
267446860.0	59.0
265675784.0	60.0
265321649.0	61.0
263933457.0	62.0
263511287.0	63.0
262982054.0	64.0
262241964.0	65.0
261645849.0	66.0
260987993.0	67.0
260265236.0	68.0
259691195.0	69.0
258978413.0	70.0
258648789.0	71.0
257682343.0	72.0
256947923.0	73.0
255889617.0	74.0
255388903.0	75.0
255205397.0	76.0
254837431.0	77.0
254485384.0	78.0
253610813.0	79.0
252767552.0	80.0
252517331.0	81.0
251773316.0	82.0
251429685.0	83.0
250928110.0	84.0
249544890.0	85.0
249038065.0	86.0
248912349.0	87.0
248124910.0	88.0
247385978.0	89.0
247313769.0	90.0
246604198.0	91.0
245217081.0	92.0
243923187.0	93.0
243453512.0	94.0
242629341.0	95.0
241465583.0	96.0
241202651.0	97.0
239795706.0	98.0
239300541.0	99.0
238940072.0	100.0
237972196.0	101.0
237685233.0	102.0
237089811.0	103.0
236314507.0	104.0
236118823.0	105.0
235430955.0	106.0
235356764.0	107.0
235163552.0	108.0
234978467.0	109.0
234366906.0	110.0
234210372.0	111.0
233823965.0	112.0
232906009.0	113.0
232618992.0	114.0
231802006.0	115.0
231338223.0	116.0
231110589.0	117.0
230557608.0	118.0
230413577.0	119.0
229982847.0	120.0
229932331.0	121.0
229822555.0	122.0
229539866.0	123.0
228915896.0	124.0
228793362.0	125.0
228477958.0	126.0
227687701.0	127.0
227655592.0	128.0
227607750.0	129.0
226381387.0	130.0
226026184.0	131.0
225378469.0	132.0
225247142.0	133.0
224982726.0	134.0
224741601.0	135.0
224150089.0	136.0
223990613.0	137.0
223326121.0	138.0
223132272.0	139.0
223007866.0	140.0
222407972.0	141.0
222180876.0	142.0
222054237.0	143.0
221483481.0	144.0
221233848.0	145.0
221128576.0	146.0
220602368.0	147.0
220456364.0	148.0
220111522.0	149.0
220075535.0	150.0
219946417.0	151.0
219930273.0	152.0
219279819.0	153.0
218885742.0	154.0
218477244.0	155.0
218233095.0	156.0
218219279.0	157.0
218166184.0	158.0
218133998.0	159.0
218052147.0	160.0
217906720.0	161.0
217446693.0	162.0
217404241.0	163.0
216516980.0	164.0
216457950.0	165.0
216366450.0	166.0
215971448.0	167.0
215954063.0	168.0
215861374.0	169.0
215651892.0	170.0
215172797.0	171.0
215162206.0	172.0
215154877.0	173.0
214933246.0	174.0
214164120.0	175.0
213827960.0	176.0
213339951.0	177.0
213096888.0	178.0
213068994.0	179.0
213040682.0	180.0
212267953.0	181.0
211624684.0	182.0
211606642.0	183.0
211355751.0	184.0
211282503.0	185.0
211164800.0	186.0
211060941.0	187.0
211048883.0	188.0
210843168.0	189.0
210825412.0	190.0
210502564.0	191.0
210270167.0	192.0
209583720.0	193.0
209176537.0	194.0
209162999.0	195.0
208921344.0	196.0
208599040.0	197.0
208363261.0	198.0
208277919.0	199.0
208087010.0	200.0
207935871.0	201.0
207737896.0	202.0
207699684.0	203.0
207693155.0	204.0
207510124.0	205.0
207500442.0	206.0
207415331.0	207.0
207309212.0	208.0
206893001.0	209.0
206826994.0	210.0
206785032.0	211.0
206759714.0	212.0
206725850.0	213.0
206524492.0	214.0
206499340.0	215.0
206389491.0	216.0
206072756.0	217.0
206057287.0	218.0
205793026.0	219.0
205706301.0	220.0
205550173.0	221.0
205509368.0	222.0
205457802.0	223.0
205450159.0	224.0
205328114.0	225.0
205185582.0	226.0
205055710.0	227.0
204946512.0	228.0
204848916.0	229.0
204586414.0	230.0
204551504.0	231.0
204297553.0	232.0
203915164.0	233.0
203668184.0	234.0
203471203.0	235.0
203447338.0	236.0
203443670.0	237.0
203376106.0	238.0
203368839.0	239.0
203207753.0	240.0
203168428.0	241.0
203030461.0	242.0
202910452.0	243.0
202835765.0	244.0
202729961.0	245.0
202721371.0	246.0
202620317.0	247.0
202603932.0	248.0
202451638.0	249.0
202392112.0	250.0
202382656.0	251.0
202345314.0	252.0
201940372.0	253.0
201768148.0	254.0
201744859.0	255.0
201727314.0	256.0
201722072.0	257.0
201704968.0	258.0
201693093.0	259.0
201566412.0	260.0
201521986.0	261.0
201513563.0	262.0
201396066.0	263.0
201325765.0	264.0
201223516.0	265.0
201186468.0	266.0
200992250.0	267.0
200981126.0	268.0
200875487.0	269.0
200869482.0	270.0
200866962.0	271.0
200777624.0	272.0
200656036.0	273.0
200654972.0	274.0
200637222.0	275.0
200556264.0	276.0
200503066.0	277.0
200322292.0	278.0
200268497.0	279.0
200212213.0	280.0
200084404.0	281.0
200066948.0	282.0
200004472.0	283.0
199803988.0	284.0
199776202.0	285.0
199648769.0	286.0
199464744.0	287.0
199434034.0	288.0
199375912.0	289.0
199373180.0	290.0
199314444.0	291.0
199257002.0	292.0
199249376.0	293.0
199243172.0	294.0
199176920.0	295.0
199139826.0	296.0
198886857.0	297.0
198744769.0	298.0
198625102.0	299.0
198614460.0	300.0
198602561.0	301.0
198505355.0	302.0
198488505.0	303.0
198426867.0	304.0
198338037.0	305.0
198336093.0	306.0
198329659.0	307.0
198265817.0	308.0
198130276.0	309.0
198094514.0	310.0
198071411.0	311.0
198036500.0	312.0
197997673.0	313.0
197979739.0	314.0
197923476.0	315.0
197801280.0	316.0
197784780.0	317.0
197783276.0	318.0
197768750.0	319.0
197757612.0	320.0
197726046.0	321.0
197609981.0	322.0
197524090.0	323.0
197463614.0	324.0
197410439.0	325.0
197410439.0	326.0
197402565.0	327.0
197377524.0	328.0
197358582.0	329.0
197357654.0	330.0
197356116.0	331.0
197243759.0	332.0
197243759.0	333.0
197147891.0	334.0
197140612.0	335.0
197138630.0	336.0
197135770.0	337.0
197094342.0	338.0
197049773.0	339.0
197042042.0	340.0
197032664.0	341.0
196959705.0	342.0
196954527.0	343.0
196953779.0	344.0
196929607.0	345.0
196822636.0	346.0
196808124.0	347.0
196778714.0	348.0
196753554.0	349.0
196545851.0	350.0
196287735.0	351.0
196285734.0	352.0
196272139.0	353.0
196272139.0	354.0
196267408.0	355.0
196157606.0	356.0
196115284.0	357.0
196111652.0	358.0
196074624.0	359.0
196070941.0	360.0
196060199.0	361.0
196034193.0	362.0
196017888.0	363.0
195997980.0	364.0
195982264.0	365.0
195921466.0	366.0
195807610.0	367.0
195807158.0	368.0
195806014.0	369.0
195762550.0	370.0
195762550.0	371.0
195732949.0	372.0
195600856.0	373.0
195583716.0	374.0
195538283.0	375.0
195538283.0	376.0
195530870.0	377.0
195500044.0	378.0
195447568.0	379.0
195432987.0	380.0
195339968.0	381.0
195334118.0	382.0
195332880.0	383.0
195332461.0	384.0
195300532.0	385.0
195294153.0	386.0
195151914.0	387.0
195131229.0	388.0
195131229.0	389.0
195126819.0	390.0
195056268.0	391.0
195042082.0	392.0
195039342.0	393.0
195013889.0	394.0
195009254.0	395.0
195003377.0	396.0
194888882.0	397.0
194888882.0	398.0
194791722.0	399.0
194777819.0	400.0
194715083.0	401.0
194713349.0	402.0
194668492.0	403.0
194644305.0	404.0
194644305.0	405.0
194643972.0	406.0
194467140.0	407.0
194409078.0	408.0
194380361.0	409.0
194377983.0	410.0
194374426.0	411.0
194367725.0	412.0
194364553.0	413.0
194225340.0	414.0
194225340.0	415.0
194100532.0	416.0
194043610.0	417.0
194034214.0	418.0
194027966.0	419.0
194013305.0	420.0
194011121.0	421.0
193975635.0	422.0
193965193.0	423.0
193959398.0	424.0
193953646.0	425.0
193948633.0	426.0
193947312.0	427.0
193943767.0	428.0
193943767.0	429.0
193935836.0	430.0
193779908.0	431.0
193778003.0	432.0
193770209.0	433.0
193659092.0	434.0
193654730.0	435.0
193653624.0	436.0
193649140.0	437.0
193629124.0	438.0
193629124.0	439.0
193626287.0	440.0
193615263.0	441.0
193612619.0	442.0
193608992.0	443.0
193608992.0	444.0
193607282.0	445.0
193600157.0	446.0
193600157.0	447.0
193594128.0	448.0
193592451.0	449.0
193589326.0	450.0
193459976.0	451.0
193457945.0	452.0
193445819.0	453.0
193414000.0	454.0
193404039.0	455.0
193394606.0	456.0
193377544.0	457.0
193353457.0	458.0
193243408.0	459.0
193242001.0	460.0
193239852.0	461.0
193237748.0	462.0
193229080.0	463.0
193229080.0	464.0
193229080.0	465.0
193228164.0	466.0
193181060.0	467.0
193181060.0	468.0
193145729.0	469.0
193008505.0	470.0
193008505.0	471.0
193005310.0	472.0
193005310.0	473.0
193002825.0	474.0
192997351.0	475.0
192952898.0	476.0
192880381.0	477.0
192879138.0	478.0
192878400.0	479.0
192860313.0	480.0
192859776.0	481.0
192778382.0	482.0
192775898.0	483.0
192774942.0	484.0
192773946.0	485.0
192756258.0	486.0
192753054.0	487.0
192740524.0	488.0
192740192.0	489.0
192740192.0	490.0
192740192.0	491.0
192734201.0	492.0
192726795.0	493.0
192724261.0	494.0
192720963.0	495.0
192720276.0	496.0
192720276.0	497.0
192720048.0	498.0
192706098.0	499.0
192697231.0	500.0
192697231.0	501.0
192697231.0	502.0
192695084.0	503.0
192694351.0	504.0
192694351.0	505.0
192694351.0	506.0
192692570.0	507.0
192651296.0	508.0
192649848.0	509.0
192643541.0	510.0
192635953.0	511.0
192635618.0	512.0
192634347.0	513.0
192630569.0	514.0
192630569.0	515.0
192630569.0	516.0
192626734.0	517.0
192621027.0	518.0
192613892.0	519.0
192613892.0	520.0
192613892.0	521.0
192613892.0	522.0
192577907.0	523.0
192577436.0	524.0
192570296.0	525.0
192566372.0	526.0
192566372.0	527.0
192566372.0	528.0
192565355.0	529.0
192564964.0	530.0
192556031.0	531.0
192553246.0	532.0
192546959.0	533.0
192532324.0	534.0
192530208.0	535.0
192521558.0	536.0
192517699.0	537.0
192517699.0	538.0
192485742.0	539.0
192384014.0	540.0
192375658.0	541.0
192375658.0	542.0
192374399.0	543.0
192368697.0	544.0
192364792.0	545.0
192360375.0	546.0
192357697.0	547.0
192354350.0	548.0
192350342.0	549.0
192349167.0	550.0
192349167.0	551.0
192349167.0	552.0
192336174.0	553.0
192325626.0	554.0
192318486.0	555.0
192317692.0	556.0
192273657.0	557.0
192273657.0	558.0
192272288.0	559.0
192271717.0	560.0
192271387.0	561.0
192271387.0	562.0
192265857.0	563.0
192259851.0	564.0
192257393.0	565.0
192253023.0	566.0
192250956.0	567.0
192225923.0	568.0
192222369.0	569.0
192220848.0	570.0
192218789.0	571.0
192214834.0	572.0
192214834.0	573.0
192214834.0	574.0
192214834.0	575.0
192214834.0	576.0
192214834.0	577.0
192214834.0	578.0
192208261.0	579.0
192208261.0	580.0
192208261.0	581.0
192208073.0	582.0
192204856.0	583.0
192204856.0	584.0
192204482.0	585.0
192204467.0	586.0
192189486.0	587.0
192189486.0	588.0
192185340.0	589.0
192185340.0	590.0
192184743.0	591.0
192177692.0	592.0
192177692.0	593.0
192177692.0	594.0
192177692.0	595.0
192177692.0	596.0
192176487.0	597.0
192154162.0	598.0
192154074.0	599.0
192144438.0	600.0
192142715.0	601.0
192123691.0	602.0
192123691.0	603.0
192122088.0	604.0
192122088.0	605.0
192117486.0	606.0
192117486.0	607.0
192115329.0	608.0
192115329.0	609.0
192115329.0	610.0
192115329.0	611.0
192115329.0	612.0
192110831.0	613.0
192108649.0	614.0
192108649.0	615.0
192108603.0	616.0
192107205.0	617.0
192106423.0	618.0
192104362.0	619.0
192104362.0	620.0
192102184.0	621.0
192100782.0	622.0
192100782.0	623.0
192100782.0	624.0
192100067.0	625.0
192071615.0	626.0
192069713.0	627.0
192069713.0	628.0
192069713.0	629.0
192069713.0	630.0
192068799.0	631.0
192068799.0	632.0
192066418.0	633.0
192066418.0	634.0
192066418.0	635.0
192066418.0	636.0
192066418.0	637.0
192066188.0	638.0
192066188.0	639.0
192066188.0	640.0
192066188.0	641.0
192062450.0	642.0
192062450.0	643.0
192050535.0	644.0
192050535.0	645.0
192050535.0	646.0
192050535.0	647.0
192050535.0	648.0
192050017.0	649.0
192045173.0	650.0
192044585.0	651.0
192015084.0	652.0
192015084.0	653.0
192015084.0	654.0
192005879.0	655.0
192005215.0	656.0
192003216.0	657.0
192002587.0	658.0
191996557.0	659.0
191996557.0	660.0
191876784.0	661.0
191876784.0	662.0
191876649.0	663.0
191876649.0	664.0
191876649.0	665.0
191876649.0	666.0
191876649.0	667.0
191876649.0	668.0
191871909.0	669.0
191859717.0	670.0
191859249.0	671.0
191859249.0	672.0
191856828.0	673.0
191851957.0	674.0
191851442.0	675.0
191851442.0	676.0
191847612.0	677.0
191847612.0	678.0
191847612.0	679.0
191846968.0	680.0
191846968.0	681.0
191846968.0	682.0
191846968.0	683.0
191846968.0	684.0
191846968.0	685.0
191846968.0	686.0
191846968.0	687.0
191846407.0	688.0
191844986.0	689.0
191843854.0	690.0
191843854.0	691.0
191843854.0	692.0
191843854.0	693.0
191843842.0	694.0
191843842.0	695.0
191843842.0	696.0
191843842.0	697.0
191840847.0	698.0
191840103.0	699.0
191839286.0	700.0
191834433.0	701.0
191832739.0	702.0
191832432.0	703.0
191832432.0	704.0
191832432.0	705.0
191831383.0	706.0
191831383.0	707.0
191831232.0	708.0
191831232.0	709.0
191830986.0	710.0
191830986.0	711.0
191830986.0	712.0
191830730.0	713.0
191830035.0	714.0
191830035.0	715.0
191830035.0	716.0
191830035.0	717.0
191830035.0	718.0
191811832.0	719.0
191802276.0	720.0
191799054.0	721.0
191799054.0	722.0
191799054.0	723.0
191799054.0	724.0
191799054.0	725.0
191799021.0	726.0
191797741.0	727.0
191797741.0	728.0
191797741.0	729.0
191797741.0	730.0
191797741.0	731.0
191797741.0	732.0
191797605.0	733.0
191797605.0	734.0
191796539.0	735.0
191796131.0	736.0
191796131.0	737.0
191796131.0	738.0
191791235.0	739.0
191791235.0	740.0
191790897.0	741.0
191790897.0	742.0
191790897.0	743.0
191790681.0	744.0
191788273.0	745.0
191782567.0	746.0
191782152.0	747.0
191780979.0	748.0
191780979.0	749.0
191780979.0	750.0
191778917.0	751.0
191778917.0	752.0
191778917.0	753.0
191778917.0	754.0
191778917.0	755.0
191776100.0	756.0
191768350.0	757.0
191767903.0	758.0
191767010.0	759.0
191766782.0	760.0
191766782.0	761.0
191763586.0	762.0
191763586.0	763.0
191763586.0	764.0
191763586.0	765.0
191763175.0	766.0
191763175.0	767.0
191761120.0	768.0
191761120.0	769.0
191759580.0	770.0
191758950.0	771.0
191758711.0	772.0
191758711.0	773.0
191758711.0	774.0
191758711.0	775.0
191758711.0	776.0
191758711.0	777.0
191758711.0	778.0
191758711.0	779.0
191758711.0	780.0
191758711.0	781.0
191758600.0	782.0
191758600.0	783.0
191758600.0	784.0
191758600.0	785.0
191758600.0	786.0
191758489.0	787.0
191756961.0	788.0
191756741.0	789.0
191756741.0	790.0
191756741.0	791.0
191704786.0	792.0
191704786.0	793.0
191704786.0	794.0
191704786.0	795.0
191704786.0	796.0
191703544.0	797.0
191703544.0	798.0
191703544.0	799.0
191702075.0	800.0
191701957.0	801.0
191701957.0	802.0
191701788.0	803.0
191701649.0	804.0
191696796.0	805.0
191696796.0	806.0
191691804.0	807.0
191690832.0	808.0
191673008.0	809.0
191669976.0	810.0
191669976.0	811.0
191669976.0	812.0
191669976.0	813.0
191669976.0	814.0
191669976.0	815.0
191669976.0	816.0
191669976.0	817.0
191666308.0	818.0
191666308.0	819.0
191666308.0	820.0
191666308.0	821.0
191666308.0	822.0
191666308.0	823.0
191666308.0	824.0
191666308.0	825.0
191666306.0	826.0
191666306.0	827.0
191663734.0	828.0
191663734.0	829.0
191663734.0	830.0
191663734.0	831.0
191663734.0	832.0
191663734.0	833.0
191663734.0	834.0
191663734.0	835.0
191662826.0	836.0
191662826.0	837.0
191662826.0	838.0
191662826.0	839.0
191662770.0	840.0
191662770.0	841.0
191662770.0	842.0
191662770.0	843.0
191662770.0	844.0
191662770.0	845.0
191662770.0	846.0
191662770.0	847.0
191662770.0	848.0
191662583.0	849.0
191661828.0	850.0
191661828.0	851.0
191661828.0	852.0
191661828.0	853.0
191661828.0	854.0
191661828.0	855.0
191661828.0	856.0
191661828.0	857.0
191661828.0	858.0
191661828.0	859.0
191661828.0	860.0
191661828.0	861.0
191661828.0	862.0
191661828.0	863.0
191661828.0	864.0
191661299.0	865.0
191660701.0	866.0
191660701.0	867.0
191660327.0	868.0
191660327.0	869.0
191660327.0	870.0
191658289.0	871.0
191658289.0	872.0
191658123.0	873.0
191658123.0	874.0
191658123.0	875.0
191658123.0	876.0
191658123.0	877.0
191658123.0	878.0
191654892.0	879.0
191650905.0	880.0
191642862.0	881.0
191642245.0	882.0
191642245.0	883.0
191642245.0	884.0
191642245.0	885.0
191642245.0	886.0
191642245.0	887.0
191642245.0	888.0
191642245.0	889.0
191642245.0	890.0
191642065.0	891.0
191642065.0	892.0
191642065.0	893.0
191642065.0	894.0
191631880.0	895.0
191631846.0	896.0
191631846.0	897.0
191631846.0	898.0
191629598.0	899.0
191629598.0	900.0
191627731.0	901.0
191627731.0	902.0
191627731.0	903.0
191627703.0	904.0
191627703.0	905.0
191627703.0	906.0
191627703.0	907.0
191627703.0	908.0
191626832.0	909.0
191626832.0	910.0
191626832.0	911.0
191626651.0	912.0
191625494.0	913.0
191625494.0	914.0
191625494.0	915.0
191625494.0	916.0
191625494.0	917.0
191624282.0	918.0
191624282.0	919.0
191624138.0	920.0
191623418.0	921.0
191623418.0	922.0
191623418.0	923.0
191623418.0	924.0
191623418.0	925.0
191623418.0	926.0
191623418.0	927.0
191623418.0	928.0
191623381.0	929.0
191623381.0	930.0
191616143.0	931.0
191614552.0	932.0
191614552.0	933.0
191614552.0	934.0
191613527.0	935.0
191612557.0	936.0
191608813.0	937.0
191608813.0	938.0
191608813.0	939.0
191608813.0	940.0
191608813.0	941.0
191608813.0	942.0
191608813.0	943.0
191608813.0	944.0
191608813.0	945.0
191608813.0	946.0
191608629.0	947.0
191608629.0	948.0
191604267.0	949.0
191604267.0	950.0
191604267.0	951.0
191604267.0	952.0
191604267.0	953.0
191604267.0	954.0
191604267.0	955.0
191604267.0	956.0
191604150.0	957.0
191603928.0	958.0
191601606.0	959.0
191601606.0	960.0
191601606.0	961.0
191601606.0	962.0
191601606.0	963.0
191601606.0	964.0
191601606.0	965.0
191601606.0	966.0
191601606.0	967.0
191601606.0	968.0
191601606.0	969.0
191601606.0	970.0
191601606.0	971.0
191601606.0	972.0
191601606.0	973.0
191601222.0	974.0
191600448.0	975.0
191600448.0	976.0
191600448.0	977.0
191600448.0	978.0
191564773.0	979.0
191564773.0	980.0
191564773.0	981.0
191564773.0	982.0
191561873.0	983.0
191561873.0	984.0
191561873.0	985.0
191561873.0	986.0
191561873.0	987.0
191561079.0	988.0
191561079.0	989.0
191561079.0	990.0
191561079.0	991.0
191561079.0	992.0
191561079.0	993.0
191561079.0	994.0
191561079.0	995.0
191561023.0	996.0
191561023.0	997.0
191561023.0	998.0
191561023.0	999.0
191561023.0	1000.0
191559895.0	1001.0
191559895.0	1002.0
191559895.0	1003.0
191559895.0	1004.0
191559895.0	1005.0
191559895.0	1006.0
191559895.0	1007.0
191541525.0	1008.0
191539395.0	1009.0
191536316.0	1010.0
191536197.0	1011.0
191536197.0	1012.0
191536197.0	1013.0
191536197.0	1014.0
191536197.0	1015.0
191536197.0	1016.0
191536197.0	1017.0
191536197.0	1018.0
191536197.0	1019.0
191536197.0	1020.0
191536197.0	1021.0
191536197.0	1022.0
191536197.0	1023.0
191536197.0	1024.0
191536197.0	1025.0
191536197.0	1026.0
191536197.0	1027.0
191536197.0	1028.0
191536197.0	1029.0
191536197.0	1030.0
191534749.0	1031.0
191534039.0	1032.0
191532212.0	1033.0
191531681.0	1034.0
191531399.0	1035.0
191531399.0	1036.0
191531399.0	1037.0
191531399.0	1038.0
191531399.0	1039.0
191531399.0	1040.0
191531399.0	1041.0
191531399.0	1042.0
191531399.0	1043.0
191531399.0	1044.0
191531399.0	1045.0
191531399.0	1046.0
191531399.0	1047.0
191531399.0	1048.0
191531399.0	1049.0
191529832.0	1050.0
191529832.0	1051.0
191529832.0	1052.0
191529832.0	1053.0
191529832.0	1054.0
191529832.0	1055.0
191529832.0	1056.0
191529832.0	1057.0
191529832.0	1058.0
191529832.0	1059.0
191529832.0	1060.0
191529832.0	1061.0
191529832.0	1062.0
191529560.0	1063.0
191529560.0	1064.0
191529560.0	1065.0
191529560.0	1066.0
191525228.0	1067.0
191525228.0	1068.0
191525228.0	1069.0
191525228.0	1070.0
191525228.0	1071.0
191525228.0	1072.0
191525228.0	1073.0
191525228.0	1074.0
191525228.0	1075.0
191525228.0	1076.0
191525228.0	1077.0
191525228.0	1078.0
191525228.0	1079.0
191525228.0	1080.0
191525228.0	1081.0
191525228.0	1082.0
191525228.0	1083.0
191525228.0	1084.0
191525228.0	1085.0
191525228.0	1086.0
191524801.0	1087.0
191524801.0	1088.0
191524801.0	1089.0
191524801.0	1090.0
191524801.0	1091.0
191524801.0	1092.0
191524801.0	1093.0
191524545.0	1094.0
191524307.0	1095.0
191524307.0	1096.0
191523918.0	1097.0
191523918.0	1098.0
191523918.0	1099.0
191523918.0	1100.0
191523918.0	1101.0
191523918.0	1102.0
191523918.0	1103.0
191523918.0	1104.0
191523918.0	1105.0
191523918.0	1106.0
191523918.0	1107.0
191523918.0	1108.0
191523918.0	1109.0
191522550.0	1110.0
191522550.0	1111.0
191522550.0	1112.0
191522550.0	1113.0
191522550.0	1114.0
191522550.0	1115.0
191522550.0	1116.0
191522550.0	1117.0
191522550.0	1118.0
191522548.0	1119.0
191522548.0	1120.0
191522548.0	1121.0
191522548.0	1122.0
191522548.0	1123.0
191522548.0	1124.0
191522548.0	1125.0
191522548.0	1126.0
191520484.0	1127.0
191520446.0	1128.0
191520446.0	1129.0
191519821.0	1130.0
191519821.0	1131.0
191519821.0	1132.0
191519821.0	1133.0
191519821.0	1134.0
191519821.0	1135.0
191519821.0	1136.0
191519821.0	1137.0
191519821.0	1138.0
191519821.0	1139.0
191519821.0	1140.0
191519821.0	1141.0
191519821.0	1142.0
191519372.0	1143.0
191518654.0	1144.0
191518582.0	1145.0
191518582.0	1146.0
191518582.0	1147.0
191518582.0	1148.0
191518582.0	1149.0
191518582.0	1150.0
191518582.0	1151.0
191518582.0	1152.0
191518582.0	1153.0
191518582.0	1154.0
191518582.0	1155.0
191518582.0	1156.0
191518582.0	1157.0
191518582.0	1158.0
191518582.0	1159.0
191518582.0	1160.0
191518582.0	1161.0
191518347.0	1162.0
191516547.0	1163.0
191516547.0	1164.0
191515793.0	1165.0
191515793.0	1166.0
191515793.0	1167.0
191515793.0	1168.0
191515793.0	1169.0
191515793.0	1170.0
191515793.0	1171.0
191515793.0	1172.0
191515793.0	1173.0
191515793.0	1174.0
191515793.0	1175.0
191513297.0	1176.0
191511784.0	1177.0
191511784.0	1178.0
191510468.0	1179.0
191510468.0	1180.0
191510468.0	1181.0
191510468.0	1182.0
191510468.0	1183.0
191510468.0	1184.0
191510468.0	1185.0
191510468.0	1186.0
191508874.0	1187.0
191507865.0	1188.0
191507732.0	1189.0
191507732.0	1190.0
191507732.0	1191.0
191507732.0	1192.0
191507732.0	1193.0
191507732.0	1194.0
191507732.0	1195.0
191507732.0	1196.0
191507732.0	1197.0
191507732.0	1198.0
191507732.0	1199.0
191507732.0	1200.0
191507732.0	1201.0
191507732.0	1202.0
191507732.0	1203.0
191507732.0	1204.0
191507732.0	1205.0
191507732.0	1206.0
191507732.0	1207.0
191507732.0	1208.0
191507732.0	1209.0
191507732.0	1210.0
191507585.0	1211.0
191507585.0	1212.0
191507585.0	1213.0
191507585.0	1214.0
191507585.0	1215.0
191507585.0	1216.0
191507585.0	1217.0
191507585.0	1218.0
191507585.0	1219.0
191506338.0	1220.0
191506338.0	1221.0
191506338.0	1222.0
191506338.0	1223.0
191506338.0	1224.0
191506338.0	1225.0
191505284.0	1226.0
191505284.0	1227.0
191505284.0	1228.0
191505284.0	1229.0
191505284.0	1230.0
191505284.0	1231.0
191505284.0	1232.0
191505229.0	1233.0
191505229.0	1234.0
191505229.0	1235.0
191505229.0	1236.0
191505229.0	1237.0
191505229.0	1238.0
191505229.0	1239.0
191505229.0	1240.0
191505229.0	1241.0
191505229.0	1242.0
191505229.0	1243.0
191505229.0	1244.0
191505229.0	1245.0
191505229.0	1246.0
191504854.0	1247.0
191504854.0	1248.0
191504854.0	1249.0
191504854.0	1250.0
191504854.0	1251.0
191504854.0	1252.0
191504854.0	1253.0
191504854.0	1254.0
191504854.0	1255.0
191504854.0	1256.0
191504854.0	1257.0
191504854.0	1258.0
191504854.0	1259.0
191504854.0	1260.0
191504854.0	1261.0
191504854.0	1262.0
191504854.0	1263.0
191504854.0	1264.0
191504854.0	1265.0
191504854.0	1266.0
191504854.0	1267.0
191504854.0	1268.0
191504739.0	1269.0
191504075.0	1270.0
191502300.0	1271.0
191502300.0	1272.0
191502300.0	1273.0
191502300.0	1274.0
191502300.0	1275.0
191502300.0	1276.0
191502300.0	1277.0
191502300.0	1278.0
191502300.0	1279.0
191502300.0	1280.0
191502300.0	1281.0
191502300.0	1282.0
191502300.0	1283.0
191502300.0	1284.0
191502300.0	1285.0
191502300.0	1286.0
191502300.0	1287.0
191501978.0	1288.0
191501978.0	1289.0
191501978.0	1290.0
191501978.0	1291.0
191501978.0	1292.0
191501978.0	1293.0
191501978.0	1294.0
191501978.0	1295.0
191501978.0	1296.0
191501978.0	1297.0
191501978.0	1298.0
191501978.0	1299.0
191501978.0	1300.0
191501978.0	1301.0
191501978.0	1302.0
191501978.0	1303.0
191501007.0	1304.0
191501007.0	1305.0
191501007.0	1306.0
191501007.0	1307.0
191501007.0	1308.0
191501007.0	1309.0
191501007.0	1310.0
191501007.0	1311.0
191501007.0	1312.0
191501007.0	1313.0
191501007.0	1314.0
191501007.0	1315.0
191501007.0	1316.0
191501007.0	1317.0
191501007.0	1318.0
191501007.0	1319.0
191501007.0	1320.0
191501007.0	1321.0
191501007.0	1322.0
191501007.0	1323.0
191500697.0	1324.0
191500697.0	1325.0
191500697.0	1326.0
191500697.0	1327.0
191500697.0	1328.0
191500697.0	1329.0
191500697.0	1330.0
191500361.0	1331.0
191499125.0	1332.0
191499125.0	1333.0
191499125.0	1334.0
191499125.0	1335.0
191499125.0	1336.0
191499125.0	1337.0
191499125.0	1338.0
191499125.0	1339.0
191499125.0	1340.0
191499125.0	1341.0
191499125.0	1342.0
191499125.0	1343.0
191499125.0	1344.0
191499125.0	1345.0
191499125.0	1346.0
191499125.0	1347.0
191499125.0	1348.0
191499125.0	1349.0
191499125.0	1350.0
191499125.0	1351.0
191499125.0	1352.0
191499125.0	1353.0
191499125.0	1354.0
191499125.0	1355.0
191499125.0	1356.0
191499125.0	1357.0
191499125.0	1358.0
191499125.0	1359.0
191499125.0	1360.0
191499125.0	1361.0
191499125.0	1362.0
191499125.0	1363.0
191499125.0	1364.0
191499125.0	1365.0
191495525.0	1366.0
191495525.0	1367.0
191495525.0	1368.0
191495525.0	1369.0
191495525.0	1370.0
191494618.0	1371.0
191494618.0	1372.0
191494618.0	1373.0
191494618.0	1374.0
191494618.0	1375.0
191494618.0	1376.0
191494618.0	1377.0
191494618.0	1378.0
191494618.0	1379.0
191494618.0	1380.0
191494618.0	1381.0
191494618.0	1382.0
191494618.0	1383.0
191494500.0	1384.0
191492620.0	1385.0
191492462.0	1386.0
191492451.0	1387.0
191492451.0	1388.0
191492451.0	1389.0
191492451.0	1390.0
191492451.0	1391.0
191492451.0	1392.0
191492451.0	1393.0
191492451.0	1394.0
191492451.0	1395.0
191492451.0	1396.0
191492451.0	1397.0
191492451.0	1398.0
191492451.0	1399.0
191492451.0	1400.0
191491847.0	1401.0
191491847.0	1402.0
191491847.0	1403.0
191491847.0	1404.0
191491847.0	1405.0
191491847.0	1406.0
191491847.0	1407.0
191491847.0	1408.0
191491847.0	1409.0
191491847.0	1410.0
191491847.0	1411.0
191491847.0	1412.0
191491847.0	1413.0
191491847.0	1414.0
191491847.0	1415.0
191491847.0	1416.0
191491847.0	1417.0
191491847.0	1418.0
191491847.0	1419.0
191487551.0	1420.0
191487551.0	1421.0
191487551.0	1422.0
191487551.0	1423.0
191487551.0	1424.0
191487551.0	1425.0
191487551.0	1426.0
191487551.0	1427.0
191487551.0	1428.0
191487551.0	1429.0
191487551.0	1430.0
191487551.0	1431.0
191487551.0	1432.0
191487551.0	1433.0
191487551.0	1434.0
191487551.0	1435.0
191487551.0	1436.0
191487551.0	1437.0
191487551.0	1438.0
191487551.0	1439.0
191487551.0	1440.0
191487551.0	1441.0
191487551.0	1442.0
191487551.0	1443.0
191487551.0	1444.0
191487551.0	1445.0
191487551.0	1446.0
191487551.0	1447.0
191487551.0	1448.0
191487551.0	1449.0
191487551.0	1450.0
191487551.0	1451.0
191487551.0	1452.0
191487551.0	1453.0
191487551.0	1454.0
191487551.0	1455.0
191487551.0	1456.0
191487551.0	1457.0
191487551.0	1458.0
191486343.0	1459.0
191486343.0	1460.0
191486343.0	1461.0
191486343.0	1462.0
191486343.0	1463.0
191486343.0	1464.0
191486343.0	1465.0
191486343.0	1466.0
191486343.0	1467.0
191486343.0	1468.0
191486343.0	1469.0
191486343.0	1470.0
191486343.0	1471.0
191486343.0	1472.0
191486343.0	1473.0
191486343.0	1474.0
191486343.0	1475.0
191486343.0	1476.0
191486343.0	1477.0
191486343.0	1478.0
191486343.0	1479.0
191486343.0	1480.0
191486343.0	1481.0
191486343.0	1482.0
191486343.0	1483.0
191486343.0	1484.0
191486343.0	1485.0
191486343.0	1486.0
191486343.0	1487.0
191485606.0	1488.0
191485606.0	1489.0
191484281.0	1490.0
191484281.0	1491.0
191484281.0	1492.0
191484281.0	1493.0
191484281.0	1494.0
191484281.0	1495.0
191484281.0	1496.0
191484281.0	1497.0
191484281.0	1498.0
191484281.0	1499.0
191484281.0	1500.0
191484281.0	1501.0
191484281.0	1502.0
191484281.0	1503.0
191484281.0	1504.0
191484281.0	1505.0
191484281.0	1506.0
191484281.0	1507.0
191484281.0	1508.0
191484281.0	1509.0
191484281.0	1510.0
191484281.0	1511.0
191484090.0	1512.0
191484090.0	1513.0
191484090.0	1514.0
191484090.0	1515.0
191483693.0	1516.0
191483693.0	1517.0
191483693.0	1518.0
191483693.0	1519.0
191483693.0	1520.0
191483693.0	1521.0
191483693.0	1522.0
191483693.0	1523.0
191483693.0	1524.0
191483693.0	1525.0
191483693.0	1526.0
191483693.0	1527.0
191483693.0	1528.0
191483693.0	1529.0
191483693.0	1530.0
191483693.0	1531.0
191483600.0	1532.0
191483600.0	1533.0
191483600.0	1534.0
191483600.0	1535.0
191483600.0	1536.0
191483600.0	1537.0
191483600.0	1538.0
191483600.0	1539.0
191483600.0	1540.0
191483600.0	1541.0
191483600.0	1542.0
191483600.0	1543.0
191483600.0	1544.0
191483600.0	1545.0
191483600.0	1546.0
191483600.0	1547.0
191483600.0	1548.0
191483600.0	1549.0
191483600.0	1550.0
191483600.0	1551.0
191483600.0	1552.0
191483600.0	1553.0
191483600.0	1554.0
191483600.0	1555.0
191483600.0	1556.0
191483600.0	1557.0
191483600.0	1558.0
191483600.0	1559.0
191483600.0	1560.0
191483600.0	1561.0
191483600.0	1562.0
191483600.0	1563.0
191483600.0	1564.0
191483600.0	1565.0
191483600.0	1566.0
191483600.0	1567.0
191483600.0	1568.0
191483600.0	1569.0
191483600.0	1570.0
191483600.0	1571.0
191483600.0	1572.0
191483600.0	1573.0
191483600.0	1574.0
191483600.0	1575.0
191483600.0	1576.0
191483600.0	1577.0
191483600.0	1578.0
191483600.0	1579.0
191483600.0	1580.0
191483600.0	1581.0
191483600.0	1582.0
191483600.0	1583.0
191483600.0	1584.0
191483600.0	1585.0
191483600.0	1586.0
191483600.0	1587.0
191483600.0	1588.0
191483600.0	1589.0
191483600.0	1590.0
191483600.0	1591.0
191483600.0	1592.0
191483600.0	1593.0
191483600.0	1594.0
191483600.0	1595.0
191483600.0	1596.0
191483600.0	1597.0
191483600.0	1598.0
191483600.0	1599.0
191483600.0	1600.0
191483600.0	1601.0
191483474.0	1602.0
191483474.0	1603.0
191483474.0	1604.0
191483474.0	1605.0
191483474.0	1606.0
191483474.0	1607.0
191483474.0	1608.0
191483474.0	1609.0
191483474.0	1610.0
191483474.0	1611.0
191483474.0	1612.0
191483474.0	1613.0
191483474.0	1614.0
191483474.0	1615.0
191483474.0	1616.0
191483474.0	1617.0
191483474.0	1618.0
191483474.0	1619.0
191483474.0	1620.0
191483474.0	1621.0
191483474.0	1622.0
191483474.0	1623.0
191483474.0	1624.0
191483474.0	1625.0
191483474.0	1626.0
191483474.0	1627.0
191483474.0	1628.0
191483427.0	1629.0
191482726.0	1630.0
191482726.0	1631.0
191482726.0	1632.0
191482698.0	1633.0
191482698.0	1634.0
191482698.0	1635.0
191482698.0	1636.0
191482698.0	1637.0
191482698.0	1638.0
191482698.0	1639.0
191482698.0	1640.0
191482698.0	1641.0
191482698.0	1642.0
191482698.0	1643.0
191482698.0	1644.0
191482698.0	1645.0
191482698.0	1646.0
191482698.0	1647.0
191482698.0	1648.0
191482698.0	1649.0
191482698.0	1650.0
191482698.0	1651.0
191482698.0	1652.0
191482698.0	1653.0
191482698.0	1654.0
191482698.0	1655.0
191482698.0	1656.0
191482698.0	1657.0
191482698.0	1658.0
191482698.0	1659.0
191482698.0	1660.0
191482698.0	1661.0
191482698.0	1662.0
191482698.0	1663.0
191482698.0	1664.0
191482698.0	1665.0
191482698.0	1666.0
191482698.0	1667.0
191482698.0	1668.0
191482698.0	1669.0
191482698.0	1670.0
191482698.0	1671.0
191482698.0	1672.0
191482698.0	1673.0
191482698.0	1674.0
191482698.0	1675.0
191482698.0	1676.0
191482698.0	1677.0
191482698.0	1678.0
191482698.0	1679.0
191482698.0	1680.0
191482698.0	1681.0
191482698.0	1682.0
191482698.0	1683.0
191482698.0	1684.0
191482698.0	1685.0
191482698.0	1686.0
191482698.0	1687.0
191482698.0	1688.0
191482698.0	1689.0
191482698.0	1690.0
191482698.0	1691.0
191482698.0	1692.0
191482682.0	1693.0
191482682.0	1694.0
191482682.0	1695.0
191482682.0	1696.0
191482682.0	1697.0
191482682.0	1698.0
191482682.0	1699.0
191482682.0	1700.0
191482682.0	1701.0
191482682.0	1702.0
191482682.0	1703.0
191482682.0	1704.0
191482682.0	1705.0
191482682.0	1706.0
191482682.0	1707.0
191482682.0	1708.0
191482682.0	1709.0
191482682.0	1710.0
191482682.0	1711.0
191482682.0	1712.0
191482682.0	1713.0
191482682.0	1714.0
191482682.0	1715.0
191482682.0	1716.0
191482682.0	1717.0
191482682.0	1718.0
191482682.0	1719.0
191482682.0	1720.0
191482682.0	1721.0
191482682.0	1722.0
191482682.0	1723.0
191482682.0	1724.0
191482682.0	1725.0
191482682.0	1726.0
191482682.0	1727.0
191482682.0	1728.0
191482682.0	1729.0
191482682.0	1730.0
191482682.0	1731.0
191482682.0	1732.0
191482682.0	1733.0
191482682.0	1734.0
191482682.0	1735.0
191482682.0	1736.0
191482004.0	1737.0
191482004.0	1738.0
191482004.0	1739.0
191482004.0	1740.0
191482004.0	1741.0
191482004.0	1742.0
191482004.0	1743.0
191482004.0	1744.0
191482004.0	1745.0
191482004.0	1746.0
191482004.0	1747.0
191482004.0	1748.0
191482004.0	1749.0
191482004.0	1750.0
191482004.0	1751.0
191482004.0	1752.0
191482004.0	1753.0
191482004.0	1754.0
191482004.0	1755.0
191482004.0	1756.0
191482004.0	1757.0
191482004.0	1758.0
191482004.0	1759.0
191482004.0	1760.0
191482004.0	1761.0
191482004.0	1762.0
191482004.0	1763.0
191482004.0	1764.0
191482004.0	1765.0
191482004.0	1766.0
191482004.0	1767.0
191482004.0	1768.0
191482004.0	1769.0
191482004.0	1770.0
191482004.0	1771.0
191482004.0	1772.0
191482004.0	1773.0
191482004.0	1774.0
191482004.0	1775.0
191482004.0	1776.0
191482004.0	1777.0
191482004.0	1778.0
191482004.0	1779.0
191482004.0	1780.0
191482004.0	1781.0
191482004.0	1782.0
191482004.0	1783.0
191482004.0	1784.0
191482004.0	1785.0
191482004.0	1786.0
191482004.0	1787.0
191482004.0	1788.0
191482004.0	1789.0
191482004.0	1790.0
191482004.0	1791.0
191482004.0	1792.0
191482004.0	1793.0
191482004.0	1794.0
191482004.0	1795.0
191482004.0	1796.0
191482004.0	1797.0
191482004.0	1798.0
191482004.0	1799.0
191482004.0	1800.0
191482004.0	1801.0
191482004.0	1802.0
191482004.0	1803.0
191482004.0	1804.0
191482004.0	1805.0
191482004.0	1806.0
191482004.0	1807.0
191482004.0	1808.0
191482004.0	1809.0
191482004.0	1810.0
191482004.0	1811.0
191482004.0	1812.0
191482004.0	1813.0
191482004.0	1814.0
191482004.0	1815.0
191482004.0	1816.0
191482004.0	1817.0
191482004.0	1818.0
191482004.0	1819.0
191482004.0	1820.0
191482004.0	1821.0
191482004.0	1822.0
191482004.0	1823.0
191482004.0	1824.0
191482004.0	1825.0
191482004.0	1826.0
191482004.0	1827.0
191482004.0	1828.0
191482004.0	1829.0
191482004.0	1830.0
191482004.0	1831.0
191482004.0	1832.0
191482004.0	1833.0
191482004.0	1834.0
191482004.0	1835.0
191482004.0	1836.0
191482004.0	1837.0
191482004.0	1838.0
191482004.0	1839.0
191482004.0	1840.0
191482004.0	1841.0
191482004.0	1842.0
191482004.0	1843.0
191482004.0	1844.0
191482004.0	1845.0
191482004.0	1846.0
191482004.0	1847.0
191482004.0	1848.0
191482004.0	1849.0
191482004.0	1850.0
191482004.0	1851.0
191482004.0	1852.0
191482004.0	1853.0
191482004.0	1854.0
191482004.0	1855.0
191482004.0	1856.0
191482004.0	1857.0
191482004.0	1858.0
191482004.0	1859.0
191482004.0	1860.0
191482004.0	1861.0
191482004.0	1862.0
191482004.0	1863.0
191482004.0	1864.0
191482004.0	1865.0
191482004.0	1866.0
191482004.0	1867.0
191482004.0	1868.0
191482004.0	1869.0
191482004.0	1870.0
191482004.0	1871.0
191482004.0	1872.0
191482004.0	1873.0
191482004.0	1874.0
191482004.0	1875.0
191482004.0	1876.0
191482004.0	1877.0
191482004.0	1878.0
191482004.0	1879.0
191482004.0	1880.0
191482004.0	1881.0
191482004.0	1882.0
191482004.0	1883.0
191482004.0	1884.0
191482004.0	1885.0
191482004.0	1886.0
191482004.0	1887.0
191482004.0	1888.0
191482004.0	1889.0
191482004.0	1890.0
191482004.0	1891.0
191482004.0	1892.0
191482004.0	1893.0
191482004.0	1894.0
191482004.0	1895.0
191482004.0	1896.0
191482004.0	1897.0
191482004.0	1898.0
191482004.0	1899.0
191482004.0	1900.0
191482004.0	1901.0
191482004.0	1902.0
191482004.0	1903.0
191482004.0	1904.0
191482004.0	1905.0
191482004.0	1906.0
191482004.0	1907.0
191482004.0	1908.0
191482004.0	1909.0
191482004.0	1910.0
191482004.0	1911.0
191482004.0	1912.0
191482004.0	1913.0
191482004.0	1914.0
191482004.0	1915.0
191482004.0	1916.0
191482004.0	1917.0
191482004.0	1918.0
191482004.0	1919.0
191482004.0	1920.0
191482004.0	1921.0
191482004.0	1922.0
191482004.0	1923.0
191482004.0	1924.0
191482004.0	1925.0
191482004.0	1926.0
191482004.0	1927.0
191482004.0	1928.0
191482004.0	1929.0
191482004.0	1930.0
191482004.0	1931.0
191482004.0	1932.0
191482004.0	1933.0
191482004.0	1934.0
191482004.0	1935.0
191482004.0	1936.0
191482004.0	1937.0
191482004.0	1938.0
191482004.0	1939.0
191482004.0	1940.0
191482004.0	1941.0
191482004.0	1942.0
191482004.0	1943.0
191482004.0	1944.0
191482004.0	1945.0
191482004.0	1946.0
191482004.0	1947.0
191482004.0	1948.0
191482004.0	1949.0
191482004.0	1950.0
191482004.0	1951.0
191482004.0	1952.0
191482004.0	1953.0
191482004.0	1954.0
191482004.0	1955.0
191482004.0	1956.0
191482004.0	1957.0
191482004.0	1958.0
191482004.0	1959.0
191482004.0	1960.0
191482004.0	1961.0
191482004.0	1962.0
191482004.0	1963.0
191482004.0	1964.0
191482004.0	1965.0
191482004.0	1966.0
191482004.0	1967.0
191482004.0	1968.0
191482004.0	1969.0
191482004.0	1970.0
191482004.0	1971.0
191482004.0	1972.0
191482004.0	1973.0
191482004.0	1974.0
191482004.0	1975.0
191482004.0	1976.0
191482004.0	1977.0
191482004.0	1978.0
191482004.0	1979.0
191482004.0	1980.0
191482004.0	1981.0
191482004.0	1982.0
191482004.0	1983.0
191482004.0	1984.0
191482004.0	1985.0
191482004.0	1986.0
191482004.0	1987.0
191482004.0	1988.0
191482004.0	1989.0
191482004.0	1990.0
191482004.0	1991.0
191482004.0	1992.0
191482004.0	1993.0
191482004.0	1994.0
191482004.0	1995.0
191482004.0	1996.0
191482004.0	1997.0
191482004.0	1998.0
191482004.0	1999.0
191482004.0	2000.0
191482004.0	2001.0
191482004.0	2002.0
191482004.0	2003.0
191482004.0	2004.0
191482004.0	2005.0
191482004.0	2006.0
191482004.0	2007.0
191482004.0	2008.0
191482004.0	2009.0
191482004.0	2010.0
191482004.0	2011.0
191482004.0	2012.0
191482004.0	2013.0
191482004.0	2014.0
191482004.0	2015.0
191482004.0	2016.0
191482004.0	2017.0
191482004.0	2018.0
191482004.0	2019.0
191482004.0	2020.0
191482004.0	2021.0
191482004.0	2022.0
191482004.0	2023.0
191482004.0	2024.0
191482004.0	2025.0
191482004.0	2026.0
191482004.0	2027.0
191482004.0	2028.0
191482004.0	2029.0
191482004.0	2030.0
191482004.0	2031.0
191482004.0	2032.0
191482004.0	2033.0
191482004.0	2034.0
191482004.0	2035.0
191482004.0	2036.0
191482004.0	2037.0
