error	run_time
335300115.0	0.0
332830931.0	0.007973432540893555
330410126.0	0.016943693161010742
329479609.0	0.025913476943969727
326788980.0	0.034879207611083984
324781900.0	0.050826072692871094
324170383.0	0.06578254699707031
322058699.0	0.07673931121826172
320507274.0	0.08775162696838379
320207143.0	0.09966397285461426
318598862.0	0.10964441299438477
316928481.0	0.12059235572814941
315121274.0	0.13158750534057617
314336221.0	0.141526460647583
311937209.0	0.15248608589172363
310013538.0	0.16344857215881348
309468348.0	0.1734154224395752
308235019.0	0.18437886238098145
307503447.0	0.19434595108032227
307152672.0	0.20431780815124512
305402765.0	0.21527552604675293
304893553.0	0.232222318649292
303180336.0	0.2481682300567627
302171673.0	0.2611219882965088
301336664.0	0.2710883617401123
300705477.0	0.2810556888580322
300240675.0	0.29102301597595215
299526043.0	0.30298686027526855
297302843.0	0.31294941902160645
295852592.0	0.3239126205444336
293521465.0	0.3338804244995117
293041840.0	0.34384584426879883
292421741.0	0.3548088073730469
291943247.0	0.3677666187286377
291229124.0	0.3837118148803711
290817786.0	0.40464234352111816
289157610.0	0.42557287216186523
288604576.0	0.43852853775024414
286034070.0	0.44849562644958496
285750999.0	0.46444153785705566
285221392.0	0.4754047393798828
284604041.0	0.48537302017211914
283294395.0	0.4963350296020508
282151642.0	0.5063025951385498
280217273.0	0.5202550888061523
280093805.0	0.5312187671661377
279327077.0	0.5421841144561768
278489491.0	0.5521507263183594
277887104.0	0.5611181259155273
277369387.0	0.5750718116760254
277021401.0	0.5910210609436035
275589925.0	0.6069657802581787
273478219.0	0.6229119300842285
272896517.0	0.6328787803649902
271088618.0	0.6428475379943848
270798011.0	0.6528117656707764
269700286.0	0.6627793312072754
268471266.0	0.6737418174743652
267879322.0	0.6837081909179688
267446860.0	0.6946723461151123
265675784.0	0.7076287269592285
265321649.0	0.7195889949798584
263933457.0	0.7345402240753174
263511287.0	0.7475006580352783
262982054.0	0.7664318084716797
262241964.0	0.7763986587524414
261645849.0	0.7863674163818359
260987993.0	0.795335054397583
260265236.0	0.8053011894226074
259691195.0	0.815269947052002
258978413.0	0.8252363204956055
258648789.0	0.8352062702178955
257682343.0	0.8451690673828125
256947923.0	0.8551356792449951
255889617.0	0.8680922985076904
255388903.0	0.8840417861938477
255205397.0	0.898989200592041
254837431.0	0.9145853519439697
254485384.0	0.9288737773895264
253610813.0	0.9407370090484619
252767552.0	0.9580519199371338
252517331.0	0.970116376876831
251773316.0	0.9803876876831055
251429685.0	0.9907717704772949
250928110.0	1.001619577407837
249544890.0	1.0192971229553223
249038065.0	1.0333232879638672
248912349.0	1.0512661933898926
248124910.0	1.0682063102722168
247385978.0	1.0831565856933594
247313769.0	1.0941197872161865
246604198.0	1.1040866374969482
245217081.0	1.1180403232574463
243923187.0	1.1290092468261719
243453512.0	1.1399667263031006
242629341.0	1.1509301662445068
241465583.0	1.1609001159667969
241202651.0	1.1738531589508057
239795706.0	1.1898016929626465
239300541.0	1.2087371349334717
238940072.0	1.2256803512573242
237972196.0	1.2426235675811768
237685233.0	1.2585697174072266
237089811.0	1.2715270519256592
236314507.0	1.2864763736724854
236118823.0	1.3044166564941406
235430955.0	1.3183701038360596
235356764.0	1.328336477279663
235163552.0	1.3393006324768066
234978467.0	1.3502635955810547
234366906.0	1.3622252941131592
234210372.0	1.382157564163208
233823965.0	1.400097370147705
232906009.0	1.4170403480529785
232618992.0	1.428999423980713
231802006.0	1.4399635791778564
231338223.0	1.4509260654449463
231110589.0	1.4618899822235107
230557608.0	1.4748468399047852
230413577.0	1.4927868843078613
229982847.0	1.502753734588623
229932331.0	1.5137169361114502
229822555.0	1.5236833095550537
229539866.0	1.5346465110778809
228915896.0	1.549595832824707
228793362.0	1.5595624446868896
228477958.0	1.5725200176239014
227687701.0	1.5874700546264648
227655592.0	1.5974364280700684
227607750.0	1.609395980834961
226381387.0	1.62135648727417
226026184.0	1.632319688796997
225378469.0	1.6432833671569824
225247142.0	1.653249979019165
224982726.0	1.6642134189605713
224741601.0	1.6751766204833984
224150089.0	1.685143232345581
223990613.0	1.6961076259613037
223326121.0	1.70707106590271
223132272.0	1.7180347442626953
223007866.0	1.7280011177062988
222407972.0	1.7379677295684814
222180876.0	1.7549102306365967
222054237.0	1.7718524932861328
221483481.0	1.7848100662231445
221233848.0	1.7967703342437744
221128576.0	1.8117194175720215
220602368.0	1.8226828575134277
220456364.0	1.833646297454834
220111522.0	1.8456065654754639
220075535.0	1.8635458946228027
219946417.0	1.8745098114013672
219930273.0	1.8844759464263916
219279819.0	1.8944430351257324
218885742.0	1.9044091701507568
218477244.0	1.9163694381713867
218233095.0	1.9263362884521484
218219279.0	1.9412860870361328
218166184.0	1.9542436599731445
218133998.0	1.9681966304779053
218052147.0	1.9811530113220215
217906720.0	1.9941089153289795
217446693.0	2.004075765609741
217404241.0	2.0190258026123047
216516980.0	2.02998948097229
216457950.0	2.040952444076538
216366450.0	2.050919532775879
215971448.0	2.060885429382324
215954063.0	2.0708606243133545
215861374.0	2.0808186531066895
215651892.0	2.090785503387451
215172797.0	2.103743314743042
215162206.0	2.125669240951538
215154877.0	2.1386265754699707
214933246.0	2.149590015411377
214164120.0	2.1625454425811768
213827960.0	2.1725146770477295
213339951.0	2.183478355407715
213096888.0	2.1934425830841064
213068994.0	2.203409433364868
213040682.0	2.2143726348876953
212267953.0	2.224339246749878
211624684.0	2.2343080043792725
211606642.0	2.245269536972046
211355751.0	2.256232261657715
211282503.0	2.2661988735198975
211164800.0	2.279155969619751
211060941.0	2.295102119445801
211048883.0	2.310053586959839
210843168.0	2.323009490966797
210825412.0	2.337961196899414
210502564.0	2.3529117107391357
210270167.0	2.3638756275177
209583720.0	2.381326675415039
209176537.0	2.392289638519287
209162999.0	2.4022562503814697
208921344.0	2.413219690322876
208599040.0	2.423186779022217
208363261.0	2.4331536293029785
208277919.0	2.446117639541626
208087010.0	2.464050531387329
207935871.0	2.47601056098938
207737896.0	2.486973762512207
207699684.0	2.498934030532837
207693155.0	2.5098962783813477
207510124.0	2.520859956741333
207500442.0	2.5318267345428467
207415331.0	2.542786121368408
207309212.0	2.5537495613098145
206893001.0	2.564715623855591
206826994.0	2.575679302215576
206785032.0	2.5856435298919678
206759714.0	2.5976028442382812
206725850.0	2.6085662841796875
206524492.0	2.6225192546844482
206499340.0	2.6404595375061035
206389491.0	2.658400058746338
206072756.0	2.671356201171875
206057287.0	2.6823220252990723
205793026.0	2.6932835578918457
205706301.0	2.7042486667633057
205550173.0	2.717203140258789
205509368.0	2.72717022895813
205457802.0	2.7391295433044434
205450159.0	2.7500932216644287
205328114.0	2.761057138442993
205185582.0	2.7710232734680176
205055710.0	2.7809898853302
204946512.0	2.7969369888305664
204848916.0	2.8148767948150635
204586414.0	2.8268368244171143
204551504.0	2.8387961387634277
204297553.0	2.850756883621216
203915164.0	2.8607230186462402
203668184.0	2.8706932067871094
203471203.0	2.8806562423706055
203447338.0	2.8916218280792236
203443670.0	2.9035794734954834
203376106.0	2.9165384769439697
203368839.0	2.9265050888061523
203207753.0	2.9374661445617676
203168428.0	2.9474353790283203
203030461.0	2.957399606704712
202910452.0	2.97334623336792
202835765.0	2.989292860031128
202729961.0	3.004244565963745
202721371.0	3.019192934036255
202620317.0	3.030158281326294
202603932.0	3.042116403579712
202451638.0	3.0530831813812256
202392112.0	3.064042568206787
202382656.0	3.0750062465667725
202345314.0	3.0859711170196533
201940372.0	3.0969326496124268
201768148.0	3.1088926792144775
201744859.0	3.121931791305542
201727314.0	3.136773109436035
201722072.0	3.1560120582580566
201704968.0	3.1711478233337402
201693093.0	3.185842275619507
201566412.0	3.2020750045776367
201521986.0	3.2136967182159424
201513563.0	3.2298197746276855
201396066.0	3.2418556213378906
201325765.0	3.252397060394287
201223516.0	3.2623631954193115
201186468.0	3.2723324298858643
200992250.0	3.282297372817993
200981126.0	3.291266918182373
200875487.0	3.3012335300445557
200869482.0	3.31917667388916
200866962.0	3.3381104469299316
200777624.0	3.352062940597534
200656036.0	3.364025115966797
200654972.0	3.374986171722412
200637222.0	3.3849527835845947
200556264.0	3.3969132900238037
200503066.0	3.4078760147094727
200322292.0	3.418839931488037
200268497.0	3.428806781768799
200212213.0	3.4407665729522705
200084404.0	3.450734853744507
200066948.0	3.460700035095215
200004472.0	3.470667600631714
199803988.0	3.4806363582611084
199776202.0	3.500566244125366
199648769.0	3.5165131092071533
199464744.0	3.534456491470337
199434034.0	3.551398754119873
199375912.0	3.5703330039978027
199373180.0	3.583292245864868
199314444.0	3.5942537784576416
199257002.0	3.6052162647247314
199249376.0	3.6161792278289795
199243172.0	3.6261465549468994
199176920.0	3.6391029357910156
199139826.0	3.6501119136810303
198886857.0	3.6600325107574463
198744769.0	3.67498517036438
198625102.0	3.6899352073669434
198614460.0	3.702889919281006
198602561.0	3.7148497104644775
198505355.0	3.731793165206909
198488505.0	3.7427561283111572
198426867.0	3.7537193298339844
198338037.0	3.7646830081939697
198336093.0	3.775651216506958
198329659.0	3.786612033843994
198265817.0	3.7965762615203857
198130276.0	3.8085358142852783
198094514.0	3.8294670581817627
198071411.0	3.8454129695892334
198036500.0	3.8623573780059814
197997673.0	3.8773088455200195
197979739.0	3.896242618560791
197923476.0	3.914185047149658
197801280.0	3.9271438121795654
197784780.0	3.943086862564087
197783276.0	3.9550468921661377
197768750.0	3.965014696121216
197757612.0	3.9779694080352783
197726046.0	3.987936019897461
197609981.0	4.001890420913696
197524090.0	4.0198304653167725
197463614.0	4.032787561416626
197410439.0	4.04375147819519
197410439.0	4.058699131011963
197402565.0	4.069662809371948
197377524.0	4.079632043838501
197358582.0	4.0905961990356445
197357654.0	4.101555824279785
197356116.0	4.111522674560547
197243759.0	4.120492458343506
197243759.0	4.128465890884399
197147891.0	4.138432502746582
197140612.0	4.153383016586304
197138630.0	4.1703269481658936
197135770.0	4.190262079238892
197094342.0	4.202221393585205
197049773.0	4.213182687759399
197042042.0	4.229129076004028
197032664.0	4.2430830001831055
196959705.0	4.254046201705933
196954527.0	4.265010356903076
196953779.0	4.275972366333008
196929607.0	4.286935806274414
196822636.0	4.296902894973755
196808124.0	4.307868242263794
196778714.0	4.3188323974609375
196753554.0	4.329792499542236
196545851.0	4.340755939483643
196287735.0	4.360689401626587
196285734.0	4.376636266708374
196272139.0	4.394575595855713
196272139.0	4.4075329303741455
196267408.0	4.418495416641235
196157606.0	4.4294593334198
196115284.0	4.440422773361206
196111652.0	4.452382564544678
196074624.0	4.46234917640686
196070941.0	4.4733123779296875
196060199.0	4.483281135559082
196034193.0	4.494242906570435
196017888.0	4.505205869674683
195997980.0	4.516169309616089
195982264.0	4.527132987976074
195921466.0	4.5470662117004395
195807610.0	4.563012599945068
195807158.0	4.576965570449829
195806014.0	4.593909025192261
195762550.0	4.613842725753784
195762550.0	4.630785703659058
195732949.0	4.64872670173645
195600856.0	4.659688711166382
195583716.0	4.672645330429077
195538283.0	4.68759560585022
195538283.0	4.704538822174072
195530870.0	4.740419149398804
195500044.0	4.754372596740723
195447568.0	4.767329931259155
195432987.0	4.787262201309204
195339968.0	4.801217317581177
195334118.0	4.818159341812134
195332880.0	4.831115484237671
195332461.0	4.853042125701904
195300532.0	4.868988752365112
195294153.0	4.885933876037598
195151914.0	4.900882244110107
195131229.0	4.912842273712158
195131229.0	4.939752101898193
195126819.0	4.970648765563965
195056268.0	4.9895853996276855
195042082.0	5.005532741546631
195039342.0	5.02347207069397
195013889.0	5.036428689956665
195009254.0	5.055365324020386
195003377.0	5.071312665939331
194888882.0	5.088255167007446
194888882.0	5.098222255706787
194791722.0	5.113172769546509
194777819.0	5.133105754852295
194715083.0	5.149052858352661
194713349.0	5.1659955978393555
194668492.0	5.17596173286438
194644305.0	5.186925411224365
194644305.0	5.196892261505127
194643972.0	5.209848642349243
194467140.0	5.2208123207092285
194409078.0	5.2327721118927
194380361.0	5.244732141494751
194377983.0	5.256694316864014
194374426.0	5.26765513420105
194367725.0	5.278618812561035
194364553.0	5.289581775665283
194225340.0	5.302538633346558
194225340.0	5.32446551322937
194100532.0	5.342456817626953
194043610.0	5.356475830078125
194034214.0	5.371373653411865
194027966.0	5.383315324783325
194013305.0	5.395237684249878
194011121.0	5.406521558761597
193975635.0	5.421497583389282
193965193.0	5.43522310256958
193959398.0	5.447208404541016
193953646.0	5.457233428955078
193948633.0	5.473684787750244
193947312.0	5.4866414070129395
193943767.0	5.505577087402344
193943767.0	5.51654052734375
193935836.0	5.5324866771698
193779908.0	5.546441316604614
193778003.0	5.557404279708862
193770209.0	5.569368362426758
193659092.0	5.581323862075806
193654730.0	5.594280004501343
193653624.0	5.606239557266235
193649140.0	5.617203235626221
193629124.0	5.628166675567627
193629124.0	5.642119884490967
193626287.0	5.661056995391846
193615263.0	5.678996562957764
193612619.0	5.695939779281616
193608992.0	5.713879823684692
193608992.0	5.723846435546875
193607282.0	5.734809875488281
193600157.0	5.745773077011108
193600157.0	5.7567362785339355
193594128.0	5.772683143615723
193592451.0	5.786637544631958
193589326.0	5.797600507736206
193459976.0	5.808563232421875
193457945.0	5.821520090103149
193445819.0	5.837467432022095
193414000.0	5.849430561065674
193404039.0	5.862384557723999
193394606.0	5.878330230712891
193377544.0	5.88929557800293
193353457.0	5.900262832641602
193243408.0	5.910223484039307
193242001.0	5.92118763923645
193239852.0	5.93215012550354
193237748.0	5.94111967086792
193229080.0	5.951090097427368
193229080.0	5.959061622619629
193229080.0	5.968029737472534
193228164.0	5.977998971939087
193181060.0	5.9879631996154785
193181060.0	6.002913236618042
193145729.0	6.0208539962768555
193008505.0	6.038793087005615
193008505.0	6.048760414123535
193005310.0	6.060719728469849
193005310.0	6.0706868171691895
193002825.0	6.088628768920898
192997351.0	6.100588321685791
192952898.0	6.111549615859985
192880381.0	6.125503063201904
192879138.0	6.13646674156189
192878400.0	6.147429943084717
192860313.0	6.157397270202637
192859776.0	6.175337553024292
192778382.0	6.196268320083618
192775898.0	6.209223985671997
192774942.0	6.230153322219849
192773946.0	6.241118669509888
192756258.0	6.252080202102661
192753054.0	6.262046813964844
192740524.0	6.272012710571289
192740192.0	6.284969806671143
192740192.0	6.294936418533325
192740192.0	6.30490517616272
192734201.0	6.315871238708496
192726795.0	6.330816745758057
192724261.0	6.343775272369385
192720963.0	6.357726812362671
192720276.0	6.374669551849365
192720276.0	6.393606901168823
192720048.0	6.4085564613342285
192706098.0	6.424503326416016
192697231.0	6.435466289520264
192697231.0	6.445432662963867
192697231.0	6.462377071380615
192695084.0	6.473340272903442
192694351.0	6.48430323600769
192694351.0	6.494270324707031
192694351.0	6.504237413406372
192692570.0	6.516198396682739
192651296.0	6.527159929275513
192649848.0	6.538123846054077
192643541.0	6.5550665855407715
192635953.0	6.574002742767334
192635618.0	6.588955402374268
192634347.0	6.5999157428741455
192630569.0	6.6188554763793945
192630569.0	6.628819227218628
192630569.0	6.638786792755127
192626734.0	6.649749994277954
192621027.0	6.6666929721832275
192613892.0	6.684633016586304
192613892.0	6.700580358505249
192613892.0	6.710546255111694
192613892.0	6.7245032787323
192577907.0	6.746426105499268
192577436.0	6.764366626739502
192570296.0	6.781308889389038
192566372.0	6.796259641647339
192566372.0	6.805229902267456
192566372.0	6.815196514129639
192565355.0	6.825162887573242
192564964.0	6.836126089096069
192556031.0	6.847089529037476
192553246.0	6.860045909881592
192546959.0	6.871009826660156
192532324.0	6.881978750228882
192530208.0	6.891939640045166
192521558.0	6.90290904045105
192517699.0	6.917853116989136
192517699.0	6.935792922973633
192485742.0	6.950743913650513
192384014.0	6.966689109802246
192375658.0	6.976702690124512
192375658.0	6.98563027381897
192374399.0	6.996589422225952
192368697.0	7.006561279296875
192364792.0	7.016522407531738
192360375.0	7.0284833908081055
192357697.0	7.039450407028198
192354350.0	7.0504090785980225
192350342.0	7.060380220413208
192349167.0	7.0703444480896
192349167.0	7.081305742263794
192349167.0	7.09525990486145
192336174.0	7.110212087631226
192325626.0	7.124162912368774
192318486.0	7.139117240905762
192317692.0	7.150075674057007
192273657.0	7.1600422859191895
192273657.0	7.169012546539307
192272288.0	7.179980278015137
192271717.0	7.19094443321228
192271387.0	7.203900098800659
192271387.0	7.212866544723511
192265857.0	7.223829030990601
192259851.0	7.238778829574585
192257393.0	7.248745918273926
192253023.0	7.263695955276489
192250956.0	7.274659156799316
192225923.0	7.290605545043945
192222369.0	7.3015687465667725
192220848.0	7.315522193908691
192218789.0	7.3264851570129395
192214834.0	7.335455417633057
192214834.0	7.346418619155884
192214834.0	7.3563854694366455
192214834.0	7.366352558135986
192214834.0	7.377316236495972
192214834.0	7.388279676437378
192214834.0	7.397249221801758
192208261.0	7.40722131729126
192208261.0	7.41618537902832
192208261.0	7.42914342880249
192208073.0	7.4480791091918945
192204856.0	7.46502423286438
192204856.0	7.4749884605407715
192204482.0	7.492928743362427
192204467.0	7.511865615844727
192189486.0	7.524822235107422
192189486.0	7.535233497619629
192185340.0	7.547534942626953
192185340.0	7.560122489929199
192184743.0	7.5709803104400635
192177692.0	7.581622838973999
192177692.0	7.590914487838745
192177692.0	7.604835271835327
192177692.0	7.61716103553772
192177692.0	7.634079456329346
192176487.0	7.649651527404785
192154162.0	7.666719436645508
192154074.0	7.683663368225098
192144438.0	7.701602935791016
192142715.0	7.720539331436157
192123691.0	7.739477157592773
192123691.0	7.750438928604126
192122088.0	7.761402606964111
192122088.0	7.77137017250061
192117486.0	7.782332420349121
192117486.0	7.791302442550659
192115329.0	7.803263187408447
192115329.0	7.817215919494629
192115329.0	7.828183650970459
192115329.0	7.838145732879639
192115329.0	7.8481125831604
192110831.0	7.8640594482421875
192108649.0	7.877015590667725
192108649.0	7.8889758586883545
192108603.0	7.898945331573486
192107205.0	7.90890908241272
192106423.0	7.918876647949219
192104362.0	7.928845167160034
192104362.0	7.940806150436401
192102184.0	7.951765775680542
192100782.0	7.962732791900635
192100782.0	7.977679491043091
192100782.0	7.99163293838501
192100067.0	8.00558853149414
192071615.0	8.016548871994019
192069713.0	8.030502319335938
192069713.0	8.040471315383911
192069713.0	8.049439191818237
192069713.0	8.058408975601196
192068799.0	8.069372415542603
192068799.0	8.078342199325562
192066418.0	8.092295408248901
192066418.0	8.10126519203186
192066418.0	8.11322569847107
192066418.0	8.122199296951294
192066418.0	8.131166458129883
192066188.0	8.14412260055542
192066188.0	8.160069942474365
192066188.0	8.176015853881836
192066188.0	8.19196605682373
192062450.0	8.20691204071045
192062450.0	8.21687912940979
192050535.0	8.226845979690552
192050535.0	8.236812591552734
192050535.0	8.245782852172852
192050535.0	8.254751920700073
192050535.0	8.262725114822388
192050017.0	8.272692441940308
192045173.0	8.288640975952148
192044585.0	8.298606157302856
192015084.0	8.308578252792358
192015084.0	8.316545248031616
192015084.0	8.332492351531982
192005879.0	8.345448732376099
192005215.0	8.368372201919556
192003216.0	8.386312007904053
192002587.0	8.40026569366455
191996557.0	8.414218425750732
191996557.0	8.42518162727356
191876784.0	8.436145544052124
191876784.0	8.4451162815094
191876649.0	8.455082416534424
191876649.0	8.464051723480225
191876649.0	8.472025156021118
191876649.0	8.480995178222656
191876649.0	8.491958379745483
191876649.0	8.507906436920166
191871909.0	8.521858930587769
191859717.0	8.537805795669556
191859249.0	8.55275583267212
191859249.0	8.568703174591064
191856828.0	8.58265495300293
191851957.0	8.59461498260498
191851442.0	8.606575012207031
191851442.0	8.616541624069214
191847612.0	8.627504825592041
191847612.0	8.636474847793579
191847612.0	8.645447492599487
191846968.0	8.657405614852905
191846968.0	8.666375637054443
191846968.0	8.676341533660889
191846968.0	8.685311794281006
191846968.0	8.70325231552124
191846968.0	8.713218688964844
191846968.0	8.727171659469604
191846968.0	8.738135814666748
191846407.0	8.75208830833435
191844986.0	8.763051509857178
191843854.0	8.775012731552124
191843854.0	8.783982515335083
191843854.0	8.792952537536621
191843854.0	8.801923036575317
191843842.0	8.814880132675171
191843842.0	8.823849439620972
191843842.0	8.835808515548706
191843842.0	8.851755142211914
191840847.0	8.86570954322815
191840103.0	8.884645938873291
191839286.0	8.899595499038696
191834433.0	8.915542602539062
191832739.0	8.929496049880981
191832432.0	8.940459966659546
191832432.0	8.949428796768188
191832432.0	8.958398818969727
191831383.0	8.968367576599121
191831383.0	8.977335929870605
191831232.0	8.991288185119629
191831232.0	9.000258445739746
191830986.0	9.010225534439087
191830986.0	9.019196033477783
191830986.0	9.027170419692993
191830730.0	9.042118310928345
191830035.0	9.057068586349487
191830035.0	9.071022272109985
191830035.0	9.079991817474365
191830035.0	9.09494161605835
191830035.0	9.105904817581177
191811832.0	9.115875244140625
191802276.0	9.12783169746399
191799054.0	9.14477825164795
191799054.0	9.153745174407959
191799054.0	9.163715839385986
191799054.0	9.172684669494629
191799054.0	9.186635255813599
191799021.0	9.197598218917847
191797741.0	9.20756483078003
191797741.0	9.216534852981567
191797741.0	9.233479022979736
191797741.0	9.249425411224365
191797741.0	9.262381792068481
191797741.0	9.273349046707153
191797605.0	9.284308195114136
191797605.0	9.293277978897095
191796539.0	9.303247690200806
191796131.0	9.315207481384277
191796131.0	9.324174880981445
191796131.0	9.333146810531616
191791235.0	9.34410834312439
191791235.0	9.353078842163086
191790897.0	9.365038633346558
191790897.0	9.374008655548096
191790897.0	9.387961864471436
191790681.0	9.416865110397339
191788273.0	9.433808088302612
191782567.0	9.452744483947754
191782152.0	9.470685482025146
191780979.0	9.483641624450684
191780979.0	9.49360990524292
191780979.0	9.502580165863037
191778917.0	9.512545108795166
191778917.0	9.52151870727539
191778917.0	9.530484437942505
191778917.0	9.538460969924927
191778917.0	9.551414489746094
191776100.0	9.562377691268921
191768350.0	9.57334280014038
191767903.0	9.590285062789917
191767010.0	9.607228517532349
191766782.0	9.62317442893982
191766782.0	9.63712739944458
191763586.0	9.64909052848816
191763586.0	9.658057928085327
191763586.0	9.66802453994751
191763586.0	9.67799186706543
191763175.0	9.68895435333252
191763175.0	9.699918031692505
191761120.0	9.711235284805298
191761120.0	9.721801996231079
191759580.0	9.732512712478638
191758950.0	9.74314284324646
191758711.0	9.766535997390747
191758711.0	9.781542539596558
191758711.0	9.79343032836914
191758711.0	9.802839517593384
191758711.0	9.815860748291016
191758711.0	9.825358152389526
191758711.0	9.833815097808838
191758711.0	9.84436321258545
191758711.0	9.855329036712646
191758711.0	9.866291761398315
191758600.0	9.8772554397583
191758600.0	9.886225461959839
191758600.0	9.8961923122406
191758600.0	9.904165029525757
191758600.0	9.912138223648071
191758489.0	9.926095724105835
191756961.0	9.943035364151001
191756741.0	9.956990718841553
191756741.0	9.965963363647461
191756741.0	9.977918863296509
191704786.0	9.992868423461914
191704786.0	10.001838684082031
191704786.0	10.010808944702148
191704786.0	10.019781351089478
191704786.0	10.027751684188843
191703544.0	10.03672194480896
191703544.0	10.045691728591919
191703544.0	10.053665161132812
191702075.0	10.063632249832153
191701957.0	10.073598861694336
191701957.0	10.083568811416626
191701788.0	10.09253740310669
191701649.0	10.107485294342041
191696796.0	10.119445323944092
191696796.0	10.132402181625366
191691804.0	10.144361734390259
191690832.0	10.15831470489502
191673008.0	10.169277906417847
191669976.0	10.182234764099121
191669976.0	10.196188926696777
191669976.0	10.207151412963867
191669976.0	10.216121673583984
191669976.0	10.22409439086914
191669976.0	10.232067823410034
191669976.0	10.240041971206665
191669976.0	10.249011278152466
191666308.0	10.258978843688965
191666308.0	10.272931575775146
191666308.0	10.290872812271118
191666308.0	10.308811902999878
191666308.0	10.321768045425415
191666308.0	10.331736326217651
191666308.0	10.343695163726807
191666308.0	10.352664709091187
191666306.0	10.364625215530396
191666306.0	10.373595237731934
191663734.0	10.384557962417603
191663734.0	10.396518468856812
191663734.0	10.406484365463257
191663734.0	10.420438766479492
191663734.0	10.43538784980774
191663734.0	10.451335191726685
191663734.0	10.468278408050537
191663734.0	10.486218214035034
191662826.0	10.501168251037598
191662826.0	10.517114639282227
191662826.0	10.532064199447632
191662826.0	10.541034936904907
191662770.0	10.553990840911865
191662770.0	10.563957929611206
191662770.0	10.572927474975586
191662770.0	10.581897735595703
191662770.0	10.590867757797241
191662770.0	10.598841428756714
191662770.0	10.60781216621399
191662770.0	10.616781949996948
191662770.0	10.634721994400024
191662583.0	10.652661561965942
191661828.0	10.666614770889282
191661828.0	10.680567741394043
191661828.0	10.690534353256226
191661828.0	10.699505090713501
191661828.0	10.70847463607788
191661828.0	10.717445135116577
191661828.0	10.726415157318115
191661828.0	10.735384941101074
191661828.0	10.744354486465454
191661828.0	10.753324747085571
191661828.0	10.762294292449951
191661828.0	10.771264553070068
191661828.0	10.779238939285278
191661828.0	10.791198253631592
191661828.0	10.813125371932983
191661299.0	10.826080799102783
191660701.0	10.838040828704834
191660701.0	10.849004745483398
191660327.0	10.861961841583252
191660327.0	10.871927499771118
191660327.0	10.881894826889038
191658289.0	10.891861200332642
191658289.0	10.90382194519043
191658123.0	10.916783571243286
191658123.0	10.92873764038086
191658123.0	10.938705205917358
191658123.0	10.948672533035278
191658123.0	10.957641839981079
191658123.0	10.967607498168945
191654892.0	10.984551429748535
191650905.0	10.999504089355469
191642862.0	11.014451742172241
191642245.0	11.029401063919067
191642245.0	11.042357444763184
191642245.0	11.051327466964722
191642245.0	11.059301614761353
191642245.0	11.068271398544312
191642245.0	11.076245546340942
191642245.0	11.085214376449585
191642245.0	11.096178770065308
191642245.0	11.106144428253174
191642065.0	11.116112232208252
191642065.0	11.128070831298828
191642065.0	11.144017696380615
191642065.0	11.153985738754272
191631880.0	11.168934106826782
191631846.0	11.184883117675781
191631846.0	11.193850755691528
191631846.0	11.203820943832397
191629598.0	11.214780807495117
191629598.0	11.223750829696655
191627731.0	11.23670744895935
191627731.0	11.250661373138428
191627731.0	11.259630680084229
191627703.0	11.26959776878357
191627703.0	11.277571201324463
191627703.0	11.28853440284729
191627703.0	11.299497604370117
191627703.0	11.317439317703247
191626832.0	11.329397439956665
191626832.0	11.338367462158203
191626832.0	11.351324081420898
191626651.0	11.362287282943726
191625494.0	11.378235340118408
191625494.0	11.388202428817749
191625494.0	11.398168087005615
191625494.0	11.411124229431152
191625494.0	11.421090364456177
191624282.0	11.433050632476807
191624282.0	11.445011138916016
191624138.0	11.458964586257935
191623418.0	11.474912166595459
191623418.0	11.49185585975647
191623418.0	11.502819299697876
191623418.0	11.515775442123413
191623418.0	11.526737451553345
191623418.0	11.538700103759766
191623418.0	11.554643630981445
191623418.0	11.568597555160522
191623381.0	11.579560995101929
191623381.0	11.592517852783203
191616143.0	11.610458135604858
191614552.0	11.629394292831421
191614552.0	11.643347978591919
191614552.0	11.653313875198364
191613527.0	11.677234172821045
191612557.0	11.690190553665161
191608813.0	11.702150344848633
191608813.0	11.715108156204224
191608813.0	11.72706937789917
191608813.0	11.736037969589233
191608813.0	11.745007753372192
191608813.0	11.753977537155151
191608813.0	11.762947797775269
191608813.0	11.772914171218872
191608813.0	11.780887126922607
191608813.0	11.788861274719238
191608629.0	11.799824237823486
191608629.0	11.808793783187866
191604267.0	11.818760633468628
191604267.0	11.829723834991455
191604267.0	11.848660469055176
191604267.0	11.861617803573608
191604267.0	11.875571966171265
191604267.0	11.887531280517578
191604267.0	11.903478145599365
191604267.0	11.920626878738403
191604150.0	11.932005882263184
191603928.0	11.944122552871704
191601606.0	11.962342262268066
191601606.0	11.977055072784424
191601606.0	11.98922610282898
191601606.0	11.999600648880005
191601606.0	12.01203203201294
191601606.0	12.028113603591919
191601606.0	12.044674634933472
191601606.0	12.059624671936035
191601606.0	12.074575185775757
191601606.0	12.08852767944336
191601606.0	12.097497463226318
191601606.0	12.106467962265015
191601606.0	12.115439176559448
191601606.0	12.12441110610962
191601606.0	12.132380723953247
191601222.0	12.143345355987549
191600448.0	12.15231442451477
191600448.0	12.164273977279663
191600448.0	12.176234006881714
191600448.0	12.190187215805054
191564773.0	12.20912480354309
191564773.0	12.225070714950562
191564773.0	12.235039710998535
191564773.0	12.245004177093506
191561873.0	12.260950326919556
191561873.0	12.27191686630249
191561873.0	12.281880378723145
191561873.0	12.291847705841064
191561873.0	12.300819635391235
191561079.0	12.31178069114685
191561079.0	12.323740482330322
191561079.0	12.332710266113281
191561079.0	12.345667362213135
191561079.0	12.363610744476318
191561079.0	12.380064725875854
191561079.0	12.394019365310669
191561079.0	12.407972574234009
191561023.0	12.421926498413086
191561023.0	12.431891202926636
191561023.0	12.44684100151062
191561023.0	12.459798574447632
191561023.0	12.469765901565552
191559895.0	12.482722043991089
191559895.0	12.49169135093689
191559895.0	12.500661373138428
191559895.0	12.509632110595703
191559895.0	12.518601894378662
191559895.0	12.527572393417358
191559895.0	12.535545587539673
191541525.0	12.556474924087524
191539395.0	12.574415445327759
191536316.0	12.594348669052124
191536197.0	12.613286018371582
191536197.0	12.628235816955566
191536197.0	12.642188310623169
191536197.0	12.655145406723022
191536197.0	12.670095682144165
191536197.0	12.682055473327637
191536197.0	12.691025733947754
191536197.0	12.704978704452515
191536197.0	12.719929933547974
191536197.0	12.733882904052734
191536197.0	12.749828338623047
191536197.0	12.762784957885742
191536197.0	12.775741815567017
191536197.0	12.791687726974487
191536197.0	12.806638717651367
191536197.0	12.821588039398193
191536197.0	12.832551002502441
191536197.0	12.84849762916565
191536197.0	12.865441083908081
191536197.0	12.877402067184448
191534749.0	12.889361143112183
191534039.0	12.902317762374878
191532212.0	12.916270971298218
191531681.0	12.929228067398071
191531399.0	12.946171998977661
191531399.0	12.960124969482422
191531399.0	12.973081111907959
191531399.0	12.987034559249878
191531399.0	13.002981185913086
191531399.0	13.012947797775269
191531399.0	13.026901006698608
191531399.0	13.036867380142212
191531399.0	13.045837640762329
191531399.0	13.054807662963867
191531399.0	13.06577205657959
191531399.0	13.078729391098022
191531399.0	13.087700843811035
191531399.0	13.096668004989624
191531399.0	13.105637311935425
191529832.0	13.115609645843506
191529832.0	13.131551742553711
191529832.0	13.145552158355713
191529832.0	13.161451578140259
191529832.0	13.174410343170166
191529832.0	13.18537163734436
191529832.0	13.195338249206543
191529832.0	13.207300424575806
191529832.0	13.218260526657104
191529832.0	13.22922420501709
191529832.0	13.24118423461914
191529832.0	13.251151323318481
191529832.0	13.261117696762085
191529560.0	13.271084308624268
191529560.0	13.279059171676636
191529560.0	13.288028955459595
191529560.0	13.301981210708618
191525228.0	13.317928314208984
191525228.0	13.329887866973877
191525228.0	13.339854717254639
191525228.0	13.352812051773071
191525228.0	13.36377501487732
191525228.0	13.373741865158081
191525228.0	13.383708477020264
191525228.0	13.392677545547485
191525228.0	13.401647329330444
191525228.0	13.41061782836914
191525228.0	13.419589042663574
191525228.0	13.42756199836731
191525228.0	13.44051742553711
191525228.0	13.455467462539673
191525228.0	13.467429161071777
191525228.0	13.484371423721313
191525228.0	13.498325109481812
191525228.0	13.514270782470703
191525228.0	13.530217409133911
191525228.0	13.547160625457764
191524801.0	13.56510066986084
191524801.0	13.577060461044312
191524801.0	13.593007564544678
191524801.0	13.608954191207886
191524801.0	13.624900579452515
191524801.0	13.64084768295288
191524801.0	13.653804302215576
191524545.0	13.6737380027771
191524307.0	13.690680742263794
191524307.0	13.70164442062378
191523918.0	13.713604211807251
191523918.0	13.728554964065552
191523918.0	13.739519834518433
191523918.0	13.749484062194824
191523918.0	13.75845456123352
191523918.0	13.767424583435059
191523918.0	13.7773916721344
191523918.0	13.786360740661621
191523918.0	13.795331001281738
191523918.0	13.804300785064697
191523918.0	13.813271284103394
191523918.0	13.826230525970459
191523918.0	13.837190628051758
191522550.0	13.854137420654297
191522550.0	13.869084358215332
191522550.0	13.883038520812988
191522550.0	13.892007112503052
191522550.0	13.90596055984497
191522550.0	13.914931297302246
191522550.0	13.923900604248047
191522550.0	13.932874917984009
191522550.0	13.941842555999756
191522548.0	13.951809883117676
191522548.0	13.961773872375488
191522548.0	13.972737073898315
191522548.0	13.981710195541382
191522548.0	13.99067759513855
191522548.0	13.99964690208435
191522548.0	14.007621049880981
191522548.0	14.018584251403809
191520484.0	14.036525964736938
191520446.0	14.050477027893066
191520446.0	14.064431428909302
191519821.0	14.079381465911865
191519821.0	14.089351654052734
191519821.0	14.099313974380493
191519821.0	14.108283758163452
191519821.0	14.117558479309082
191519821.0	14.126884460449219
191519821.0	14.13558292388916
191519821.0	14.144590854644775
191519821.0	14.152646541595459
191519821.0	14.162871360778809
191519821.0	14.179454803466797
191519821.0	14.189517259597778
191519821.0	14.198326587677002
191519372.0	14.22073483467102
191518654.0	14.240119934082031
191518582.0	14.25307583808899
191518582.0	14.264039278030396
191518582.0	14.27401065826416
191518582.0	14.283972263336182
191518582.0	14.298922777175903
191518582.0	14.308893203735352
191518582.0	14.317859888076782
191518582.0	14.326832056045532
191518582.0	14.335799217224121
191518582.0	14.345765590667725
191518582.0	14.358722448348999
191518582.0	14.367692708969116
191518582.0	14.377658605575562
191518582.0	14.391613006591797
191518582.0	14.408555746078491
191518582.0	14.423506736755371
191518582.0	14.438455820083618
191518347.0	14.452409029006958
191516547.0	14.465365886688232
191516547.0	14.47533655166626
191515793.0	14.49127984046936
191515793.0	14.503238916397095
191515793.0	14.51918625831604
191515793.0	14.53014874458313
191515793.0	14.540115594863892
191515793.0	14.550082445144653
191515793.0	14.562042951583862
191515793.0	14.575995445251465
191515793.0	14.592939376831055
191515793.0	14.609882593154907
191515793.0	14.627822875976562
191513297.0	14.647756099700928
191511784.0	14.659715414047241
191511784.0	14.669683933258057
191510468.0	14.681642532348633
191510468.0	14.691609144210815
191510468.0	14.704565525054932
191510468.0	14.714534759521484
191510468.0	14.723502397537231
191510468.0	14.73745608329773
191510468.0	14.75340223312378
191510468.0	14.7633695602417
191508874.0	14.777323484420776
191507865.0	14.79825210571289
191507732.0	14.815195322036743
191507732.0	14.829156637191772
191507732.0	14.843103170394897
191507732.0	14.852071762084961
191507732.0	14.863035440444946
191507732.0	14.873002529144287
191507732.0	14.88197636604309
191507732.0	14.890948057174683
191507732.0	14.899914979934692
191507732.0	14.908881902694702
191507732.0	14.91785216331482
191507732.0	14.927818536758423
191507732.0	14.937785387039185
191507732.0	14.946755409240723
191507732.0	14.956722497940063
191507732.0	14.96768593788147
191507732.0	14.98363471031189
191507732.0	14.997585773468018
191507732.0	15.011538982391357
191507732.0	15.023499011993408
191507732.0	15.033465147018433
191507732.0	15.043432474136353
191507585.0	15.055392026901245
191507585.0	15.064361810684204
191507585.0	15.0733323097229
191507585.0	15.082305669784546
191507585.0	15.091272115707397
191507585.0	15.099247455596924
191507585.0	15.108215093612671
191507585.0	15.117185354232788
191507585.0	15.126155138015747
191506338.0	15.14110541343689
191506338.0	15.157052516937256
191506338.0	15.170011520385742
191506338.0	15.179979085922241
191506338.0	15.189942121505737
191506338.0	15.201902151107788
191505284.0	15.21585488319397
191505284.0	15.225821733474731
191505284.0	15.23479151725769
191505284.0	15.243764162063599
191505284.0	15.252732038497925
191505284.0	15.263695240020752
191505284.0	15.272665023803711
191505229.0	15.281638145446777
191505229.0	15.290605545043945
191505229.0	15.299575328826904
191505229.0	15.307548761367798
191505229.0	15.315524101257324
191505229.0	15.328478813171387
191505229.0	15.34342908859253
191505229.0	15.354394912719727
191505229.0	15.369342565536499
191505229.0	15.383296489715576
191505229.0	15.393261432647705
191505229.0	15.403231859207153
191505229.0	15.414191484451294
191505229.0	15.42515516281128
191504854.0	15.436118125915527
191504854.0	15.447081565856934
191504854.0	15.459041357040405
191504854.0	15.471001148223877
191504854.0	15.479971408843994
191504854.0	15.494921445846558
191504854.0	15.505884647369385
191504854.0	15.51485562324524
191504854.0	15.531798362731934
191504854.0	15.546748399734497
191504854.0	15.561699390411377
191504854.0	15.579638719558716
191504854.0	15.589604616165161
191504854.0	15.601564407348633
191504854.0	15.612528324127197
191504854.0	15.623492240905762
191504854.0	15.633458852767944
191504854.0	15.642428874969482
191504854.0	15.652395486831665
191504854.0	15.66535210609436
191504854.0	15.679306268692017
191504854.0	15.689272165298462
191504739.0	15.703225135803223
191504075.0	15.726148128509521
191502300.0	15.744088649749756
191502300.0	15.755053520202637
191502300.0	15.770998477935791
191502300.0	15.782958269119263
191502300.0	15.79392147064209
191502300.0	15.808874607086182
191502300.0	15.818838357925415
191502300.0	15.828804731369019
191502300.0	15.837774515151978
191502300.0	15.846744775772095
191502300.0	15.855714797973633
191502300.0	15.863688707351685
191502300.0	15.872660398483276
191502300.0	15.8806312084198
191502300.0	15.892591714859009
191502300.0	15.90854024887085
191502300.0	15.921502828598022
191501978.0	15.939435243606567
191501978.0	15.953390836715698
191501978.0	15.963354587554932
191501978.0	15.974317789077759
191501978.0	15.983290433883667
191501978.0	15.993259191513062
191501978.0	16.002228260040283
191501978.0	16.011194705963135
191501978.0	16.025147914886475
191501978.0	16.035114526748657
191501978.0	16.043092250823975
191501978.0	16.05205774307251
191501978.0	16.063021421432495
191501978.0	16.076974868774414
191501978.0	16.0919246673584
191501978.0	16.103885173797607
191501007.0	16.12083077430725
191501007.0	16.130796432495117
191501007.0	16.140763521194458
191501007.0	16.149731636047363
191501007.0	16.160694122314453
191501007.0	16.16966462135315
191501007.0	16.178635358810425
191501007.0	16.186607599258423
191501007.0	16.195578575134277
191501007.0	16.2045476436615
191501007.0	16.213518381118774
191501007.0	16.222487926483154
191501007.0	16.231462001800537
191501007.0	16.24541163444519
191501007.0	16.260361909866333
191501007.0	16.27331805229187
191501007.0	16.283284425735474
191501007.0	16.29524517059326
191501007.0	16.30521321296692
191501007.0	16.314180850982666
191500697.0	16.328134775161743
191500697.0	16.338491439819336
191500697.0	16.347304582595825
191500697.0	16.356613874435425
191500697.0	16.36651849746704
191500697.0	16.375930070877075
191500697.0	16.38488006591797
191500361.0	16.395811557769775
191499125.0	16.406599521636963
191499125.0	16.416367292404175
191499125.0	16.431939125061035
191499125.0	16.447981595993042
191499125.0	16.45781111717224
191499125.0	16.472463130950928
191499125.0	16.483424425125122
191499125.0	16.49937129020691
191499125.0	16.510335445404053
191499125.0	16.522295236587524
191499125.0	16.538252592086792
191499125.0	16.553192377090454
191499125.0	16.56315851211548
191499125.0	16.57212805747986
191499125.0	16.5820951461792
191499125.0	16.592061281204224
191499125.0	16.6010320186615
191499125.0	16.611995220184326
191499125.0	16.62495183944702
191499125.0	16.640897750854492
191499125.0	16.657841205596924
191499125.0	16.672791242599487
191499125.0	16.68774104118347
191499125.0	16.697707653045654
191499125.0	16.706677436828613
191499125.0	16.71564745903015
191499125.0	16.725614070892334
191499125.0	16.73458433151245
191499125.0	16.744550704956055
191499125.0	16.760498523712158
191499125.0	16.776445150375366
191499125.0	16.788405418395996
191499125.0	16.79837155342102
191499125.0	16.808337688446045
191495525.0	16.830264806747437
191495525.0	16.846211433410645
191495525.0	16.8641517162323
191495525.0	16.88009786605835
191495525.0	16.893054246902466
191494618.0	16.903021335601807
191494618.0	16.91298794746399
191494618.0	16.922954320907593
191494618.0	16.93192458152771
191494618.0	16.943884134292603
191494618.0	16.953850984573364
191494618.0	16.964815378189087
191494618.0	16.97378420829773
191494618.0	16.98375391960144
191494618.0	16.992721796035767
191494618.0	17.003684520721436
191494618.0	17.018634796142578
191494618.0	17.03358483314514
191494500.0	17.046541452407837
191492620.0	17.05850052833557
191492462.0	17.07046127319336
191492451.0	17.08142638206482
191492451.0	17.090394020080566
191492451.0	17.099363803863525
191492451.0	17.10833430290222
191492451.0	17.118301153182983
191492451.0	17.12926411628723
191492451.0	17.138234615325928
191492451.0	17.147204160690308
191492451.0	17.156174182891846
191492451.0	17.166141271591187
191492451.0	17.175112009048462
191492451.0	17.18507742881775
191492451.0	17.20202112197876
191492451.0	17.21498131752014
191491847.0	17.228930950164795
191491847.0	17.240890979766846
191491847.0	17.25584053993225
191491847.0	17.264811038970947
191491847.0	17.275774002075195
191491847.0	17.2867374420166
191491847.0	17.294711351394653
191491847.0	17.3046772480011
191491847.0	17.312650680541992
191491847.0	17.32162094116211
191491847.0	17.332583904266357
191491847.0	17.343547582626343
191491847.0	17.35451102256775
191491847.0	17.364478588104248
191491847.0	17.383414268493652
191491847.0	17.398364782333374
191491847.0	17.41331386566162
191491847.0	17.42726731300354
191491847.0	17.4372341632843
191487551.0	17.449193716049194
191487551.0	17.461153745651245
191487551.0	17.47411584854126
191487551.0	17.48607087135315
191487551.0	17.496037006378174
191487551.0	17.505007028579712
191487551.0	17.513977527618408
191487551.0	17.523945093154907
191487551.0	17.535903692245483
191487551.0	17.54686737060547
191487551.0	17.56181788444519
191487551.0	17.579757690429688
191487551.0	17.59670090675354
191487551.0	17.612648248672485
191487551.0	17.626600742340088
191487551.0	17.636572122573853
191487551.0	17.64653444290161
191487551.0	17.659490823745728
191487551.0	17.66945767402649
191487551.0	17.680420398712158
191487551.0	17.691384315490723
191487551.0	17.70035433769226
191487551.0	17.710320949554443
191487551.0	17.718294382095337
191487551.0	17.727264165878296
191487551.0	17.736234426498413
191487551.0	17.74520516395569
191487551.0	17.764141082763672
191487551.0	17.779090404510498
191487551.0	17.795036792755127
191487551.0	17.80998682975769
191487551.0	17.822943925857544
191487551.0	17.832910776138306
191487551.0	17.842877864837646
191487551.0	17.852844715118408
191487551.0	17.865803718566895
191487551.0	17.876763820648193
191487551.0	17.885733127593994
191487551.0	17.893712043762207
191486343.0	17.903674364089966
191486343.0	17.913641214370728
191486343.0	17.921618223190308
191486343.0	17.93257761001587
191486343.0	17.94852375984192
191486343.0	17.961480617523193
191486343.0	17.978424310684204
191486343.0	17.98938751220703
191486343.0	17.998356580734253
191486343.0	18.00932025909424
191486343.0	18.020283699035645
191486343.0	18.030250549316406
191486343.0	18.039221048355103
191486343.0	18.049189805984497
191486343.0	18.05915403366089
191486343.0	18.06912112236023
191486343.0	18.07908844947815
191486343.0	18.089056253433228
191486343.0	18.098023414611816
191486343.0	18.116960763931274
191486343.0	18.128923654556274
191486343.0	18.139885425567627
191486343.0	18.149850130081177
191486343.0	18.16480278968811
191486343.0	18.17676043510437
191486343.0	18.187723398208618
191486343.0	18.196696043014526
191486343.0	18.206660747528076
191486343.0	18.217623233795166
191485606.0	18.23058032989502
191485606.0	18.239550590515137
191484281.0	18.25051474571228
191484281.0	18.262477159500122
191484281.0	18.276426553726196
191484281.0	18.286393642425537
191484281.0	18.302340030670166
191484281.0	18.31529712677002
191484281.0	18.330247402191162
191484281.0	18.346193552017212
191484281.0	18.359153509140015
191484281.0	18.36911678314209
191484281.0	18.382073163986206
191484281.0	18.392040014266968
191484281.0	18.40200686454773
191484281.0	18.41197395324707
191484281.0	18.42094659805298
191484281.0	18.430909872055054
191484281.0	18.44187307357788
191484281.0	18.45383358001709
191484281.0	18.46579337120056
191484281.0	18.47576093673706
191484281.0	18.491706609725952
191484281.0	18.508650064468384
191484090.0	18.522603750228882
191484090.0	18.534565210342407
191484090.0	18.54751968383789
191484090.0	18.562469959259033
191483693.0	18.57744598388672
191483693.0	18.591227054595947
191483693.0	18.604889631271362
191483693.0	18.619842290878296
191483693.0	18.63072109222412
191483693.0	18.64237880706787
191483693.0	18.655426740646362
191483693.0	18.66949200630188
191483693.0	18.689380645751953
191483693.0	18.709314346313477
191483693.0	18.7232666015625
191483693.0	18.734229803085327
191483693.0	18.74718713760376
191483693.0	18.75715398788452
191483693.0	18.76811647415161
191483693.0	18.781073808670044
191483600.0	18.800010204315186
191483600.0	18.814960479736328
191483600.0	18.82891321182251
191483600.0	18.84286642074585
191483600.0	18.85482692718506
191483600.0	18.871769905090332
191483600.0	18.881736755371094
191483600.0	18.895689964294434
191483600.0	18.91363000869751
191483600.0	18.931570291519165
191483600.0	18.947516441345215
191483600.0	18.967450857162476
191483600.0	18.976419925689697
191483600.0	18.98638653755188
191483600.0	18.995360851287842
191483600.0	19.004326343536377
191483600.0	19.013296365737915
191483600.0	19.021270036697388
191483600.0	19.030239820480347
191483600.0	19.03821325302124
191483600.0	19.049177169799805
191483600.0	19.058146953582764
191483600.0	19.0671169757843
191483600.0	19.085057258605957
191483600.0	19.098013639450073
191483600.0	19.109972953796387
191483600.0	19.1239275932312
191483600.0	19.13489007949829
191483600.0	19.14386248588562
191483600.0	19.156816482543945
191483600.0	19.16778016090393
191483600.0	19.177746295928955
191483600.0	19.18870973587036
191483600.0	19.19767999649048
191483600.0	19.205655813217163
191483600.0	19.215622425079346
191483600.0	19.224591970443726
191483600.0	19.232563257217407
191483600.0	19.241533517837524
191483600.0	19.257489681243896
191483600.0	19.269439697265625
191483600.0	19.281400680541992
191483600.0	19.29435658454895
191483600.0	19.30332612991333
191483600.0	19.313295125961304
191483600.0	19.32226586341858
191483600.0	19.332232236862183
191483600.0	19.34119963645935
191483600.0	19.351166486740112
191483600.0	19.361132860183716
191483600.0	19.371099948883057
191483600.0	19.381065845489502
191483600.0	19.3900363445282
191483600.0	19.402993202209473
191483600.0	19.41694688796997
191483600.0	19.426912784576416
191483600.0	19.445849657058716
191483600.0	19.463789701461792
191483600.0	19.476746559143066
191483600.0	19.490699768066406
191483600.0	19.504655122756958
191483600.0	19.513622760772705
191483600.0	19.524585962295532
191483600.0	19.53355646133423
191483600.0	19.542526245117188
191483600.0	19.552493572235107
191483600.0	19.564453125
191483600.0	19.575416564941406
191483600.0	19.584389686584473
191483600.0	19.59336018562317
191483474.0	19.604320287704468
191483474.0	19.613293409347534
191483474.0	19.629239082336426
191483474.0	19.646179676055908
191483474.0	19.661129474639893
191483474.0	19.67209243774414
191483474.0	19.684053421020508
191483474.0	19.694021940231323
191483474.0	19.70298933982849
191483474.0	19.715945720672607
191483474.0	19.724915742874146
191483474.0	19.732890129089355
191483474.0	19.746842861175537
191483474.0	19.755815029144287
191483474.0	19.765779972076416
191483474.0	19.77773928642273
191483474.0	19.78970170021057
191483474.0	19.79967212677002
191483474.0	19.817606210708618
191483474.0	19.829575538635254
191483474.0	19.842522621154785
191483474.0	19.852489948272705
191483474.0	19.870429754257202
191483474.0	19.880396604537964
191483474.0	19.896342992782593
191483474.0	19.913285732269287
191483474.0	19.923252820968628
191483427.0	19.933218955993652
191482726.0	19.945178985595703
191482726.0	19.957139492034912
191482726.0	19.96710753440857
191482698.0	19.978069305419922
191482698.0	19.992023229599
191482698.0	20.008965969085693
191482698.0	20.022919416427612
191482698.0	20.03587579727173
191482698.0	20.047836542129517
191482698.0	20.057804822921753
191482698.0	20.066772937774658
191482698.0	20.077736616134644
191482698.0	20.086707830429077
191482698.0	20.096672534942627
191482698.0	20.111623525619507
191482698.0	20.12059235572815
191482698.0	20.129562854766846
191482698.0	20.138532876968384
191482698.0	20.1465060710907
191482698.0	20.155475854873657
191482698.0	20.164445877075195
191482698.0	20.182385683059692
191482698.0	20.193349361419678
191482698.0	20.206305980682373
191482698.0	20.219263076782227
191482698.0	20.23321533203125
191482698.0	20.242185354232788
191482698.0	20.252153158187866
191482698.0	20.262120008468628
191482698.0	20.275075435638428
191482698.0	20.28504252433777
191482698.0	20.294023275375366
191482698.0	20.302982091903687
191482698.0	20.312949419021606
191482698.0	20.32291603088379
191482698.0	20.331886053085327
191482698.0	20.340860843658447
191482698.0	20.354809284210205
191482698.0	20.370755672454834
191482698.0	20.38371253013611
191482698.0	20.39567255973816
191482698.0	20.410621881484985
191482698.0	20.421586513519287
191482698.0	20.430556535720825
191482698.0	20.441521883010864
191482698.0	20.451486349105835
191482698.0	20.46145272254944
191482698.0	20.471418619155884
191482698.0	20.480388402938843
191482698.0	20.48935890197754
191482698.0	20.50032353401184
191482698.0	20.512282609939575
191482698.0	20.522249221801758
191482698.0	20.537206649780273
191482698.0	20.55912685394287
191482698.0	20.57008981704712
191482698.0	20.580055952072144
191482698.0	20.591020345687866
191482698.0	20.603975534439087
191482698.0	20.61394238471985
191482698.0	20.62390947341919
191482698.0	20.63787269592285
191482698.0	20.65381145477295
191482682.0	20.668758869171143
191482682.0	20.68072247505188
191482682.0	20.690685033798218
191482682.0	20.7006516456604
191482682.0	20.709625720977783
191482682.0	20.719589471817017
191482682.0	20.728559494018555
191482682.0	20.745502471923828
191482682.0	20.75945520401001
191482682.0	20.779388904571533
191482682.0	20.794338703155518
191482682.0	20.80430507659912
191482682.0	20.81626534461975
191482682.0	20.82676601409912
191482682.0	20.840760231018066
191482682.0	20.85057282447815
191482682.0	20.86154794692993
191482682.0	20.871557474136353
191482682.0	20.88105535507202
191482682.0	20.894787549972534
191482682.0	20.905689001083374
191482682.0	20.919062614440918
191482682.0	20.93680238723755
191482682.0	20.954071044921875
191482682.0	20.96702742576599
191482682.0	20.980981826782227
191482682.0	20.995931148529053
191482682.0	21.00490093231201
191482682.0	21.01387095451355
191482682.0	21.024834632873535
191482682.0	21.03480339050293
191482682.0	21.04377055168152
191482682.0	21.056726694107056
191482682.0	21.066693544387817
191482682.0	21.075663566589355
191482682.0	21.085630178451538
191482682.0	21.09460186958313
191482682.0	21.104567289352417
191482682.0	21.123504638671875
191482682.0	21.1384539604187
191482682.0	21.14941716194153
191482682.0	21.162373542785645
191482682.0	21.174334049224854
191482682.0	21.183306217193604
191482004.0	21.19426727294922
191482004.0	21.203239917755127
191482004.0	21.211212873458862
191482004.0	21.22018051147461
191482004.0	21.22915029525757
191482004.0	21.23812246322632
191482004.0	21.247092485427856
191482004.0	21.25705647468567
191482004.0	21.265029907226562
191482004.0	21.2739999294281
191482004.0	21.284964084625244
191482004.0	21.29991364479065
191482004.0	21.309880256652832
191482004.0	21.32084345817566
191482004.0	21.329813718795776
191482004.0	21.340776681900024
191482004.0	21.35373330116272
191482004.0	21.362704753875732
191482004.0	21.37067747116089
191482004.0	21.379647254943848
191482004.0	21.389614820480347
191482004.0	21.398585081100464
191482004.0	21.40755534172058
191482004.0	21.423502445220947
191482004.0	21.434465646743774
191482004.0	21.445428609848022
191482004.0	21.456390142440796
191482004.0	21.46536111831665
191482004.0	21.478317260742188
191482004.0	21.494264364242554
191482004.0	21.50522756576538
191482004.0	21.517186641693115
191482004.0	21.53213620185852
191482004.0	21.54110622406006
191482004.0	21.550077199935913
191482004.0	21.56303310394287
191482004.0	21.57200312614441
191482004.0	21.58196997642517
191482004.0	21.59093999862671
191482004.0	21.599910497665405
191482004.0	21.608879804611206
191482004.0	21.6168532371521
191482004.0	21.62881326675415
191482004.0	21.638779878616333
191482004.0	21.653730392456055
191482004.0	21.66867971420288
191482004.0	21.679643392562866
191482004.0	21.688613891601562
191482004.0	21.698582887649536
191482004.0	21.71054482460022
191482004.0	21.72050929069519
191482004.0	21.728480339050293
191482004.0	21.73745560646057
191482004.0	21.745423316955566
191482004.0	21.75339674949646
191482004.0	21.76535677909851
191482004.0	21.773329973220825
191482004.0	21.78230333328247
191482004.0	21.79127025604248
191482004.0	21.80024003982544
191482004.0	21.809210062026978
191482004.0	21.817182779312134
191482004.0	21.833130598068237
191482004.0	21.84509038925171
191482004.0	21.859044313430786
191482004.0	21.871004343032837
191482004.0	21.885953187942505
191482004.0	21.894923448562622
191482004.0	21.902896881103516
191482004.0	21.911866426467896
191482004.0	21.920836925506592
191482004.0	21.92980718612671
191482004.0	21.938777446746826
191482004.0	21.94774866104126
191482004.0	21.956719160079956
191482004.0	21.965686559677124
191482004.0	21.974656581878662
191482004.0	21.986616373062134
191482004.0	22.000569820404053
191482004.0	22.015520334243774
191482004.0	22.025489807128906
191482004.0	22.035452842712402
191482004.0	22.04442811012268
191482004.0	22.05438995361328
191482004.0	22.064356327056885
191482004.0	22.07332706451416
191482004.0	22.084290027618408
191482004.0	22.094257831573486
191482004.0	22.103226900100708
191482004.0	22.112197160720825
191482004.0	22.121167182922363
191482004.0	22.131133317947388
191482004.0	22.14110040664673
191482004.0	22.150071382522583
191482004.0	22.160037994384766
191482004.0	22.169008016586304
191482004.0	22.18395686149597
191482004.0	22.197909832000732
191482004.0	22.20987033843994
191482004.0	22.22282600402832
191482004.0	22.23478603363037
191482004.0	22.24375605583191
191482004.0	22.253729343414307
191482004.0	22.263689756393433
191482004.0	22.27266001701355
191482004.0	22.28163242340088
191482004.0	22.29059934616089
191482004.0	22.299569129943848
191482004.0	22.30754256248474
191482004.0	22.31651473045349
191482004.0	22.325483083724976
191482004.0	22.334452867507935
191482004.0	22.343422889709473
191482004.0	22.354389429092407
191482004.0	22.36785054206848
191482004.0	22.381805896759033
191482004.0	22.393765926361084
191482004.0	22.40472936630249
191482004.0	22.419679164886475
191482004.0	22.42965054512024
191482004.0	22.438616514205933
191482004.0	22.448582410812378
191482004.0	22.45854926109314
191482004.0	22.467519760131836
191482004.0	22.478482723236084
191482004.0	22.490442752838135
191482004.0	22.50040888786316
191482004.0	22.509378910064697
191482004.0	22.518348932266235
191482004.0	22.527321100234985
191482004.0	22.540278911590576
191482004.0	22.55223560333252
191482004.0	22.562202215194702
191482004.0	22.575159072875977
191482004.0	22.587119340896606
191482004.0	22.601072549819946
191482004.0	22.61104130744934
191482004.0	22.620008945465088
191482004.0	22.63196897506714
191482004.0	22.640938997268677
191482004.0	22.649909257888794
191482004.0	22.659875631332397
191482004.0	22.668845415115356
191482004.0	22.677815675735474
191482004.0	22.690772533416748
191482004.0	22.706719160079956
191482004.0	22.716686725616455
191482004.0	22.729641914367676
191482004.0	22.74060583114624
191482004.0	22.75455951690674
191482004.0	22.764525413513184
191482004.0	22.77349543571472
191482004.0	22.783461809158325
191482004.0	22.798414707183838
191482004.0	22.814361095428467
191482004.0	22.82432508468628
191482004.0	22.833295106887817
191482004.0	22.84326195716858
191482004.0	22.856219053268433
191482004.0	22.87216544151306
191482004.0	22.887115955352783
191482004.0	22.897085189819336
191482004.0	22.906052112579346
191482004.0	22.920005559921265
191482004.0	22.93395972251892
191482004.0	22.9469153881073
191482004.0	22.955885887145996
191482004.0	22.965857982635498
191482004.0	22.974822521209717
191482004.0	22.98478937149048
191482004.0	22.995755434036255
191482004.0	23.006715774536133
191482004.0	23.01767897605896
191482004.0	23.031632900238037
191482004.0	23.047427654266357
191482004.0	23.06072187423706
191482004.0	23.080540418624878
191482004.0	23.095975637435913
191482004.0	23.11222004890442
191482004.0	23.125925540924072
191482004.0	23.141236543655396
191482004.0	23.158785581588745
191482004.0	23.168669939041138
191482004.0	23.17926001548767
191482004.0	23.189226627349854
191482004.0	23.199193716049194
191482004.0	23.20915961265564
191482004.0	23.218129634857178
191482004.0	23.227102279663086
191482004.0	23.23607039451599
191482004.0	23.24902629852295
191482004.0	23.261983633041382
191482004.0	23.273943424224854
191482004.0	23.282913208007812
191482004.0	23.292879343032837
191482004.0	23.303843021392822
191482004.0	23.311816692352295
191482004.0	23.320786476135254
191482004.0	23.329763174057007
191482004.0	23.33872652053833
191482004.0	23.347697019577026
191482004.0	23.355669736862183
191482004.0	23.368626832962036
191482004.0	23.37859320640564
191482004.0	23.3885600566864
191482004.0	23.39753222465515
191482004.0	23.406501054763794
191482004.0	23.41845965385437
191482004.0	23.42942523956299
191482004.0	23.442379474639893
191482004.0	23.458328247070312
191482004.0	23.47028613090515
191482004.0	23.481255531311035
191482004.0	23.491217136383057
191482004.0	23.501183032989502
191482004.0	23.511149644851685
191482004.0	23.520119428634644
191482004.0	23.52909016609192
191482004.0	23.537062883377075
191482004.0	23.54603338241577
191482004.0	23.55400586128235
191482004.0	23.564969778060913
191482004.0	23.578922748565674
191482004.0	23.587897062301636
191482004.0	23.597859621047974
191482004.0	23.613806009292603
191482004.0	23.626763105392456
191482004.0	23.640718698501587
191482004.0	23.649686813354492
191482004.0	23.662643432617188
191482004.0	23.671613216400146
191482004.0	23.680583477020264
191482004.0	23.691550970077515
191482004.0	23.703508853912354
191482004.0	23.7124764919281
191482004.0	23.722443342208862
191482004.0	23.730416774749756
191482004.0	23.739386558532715
191482004.0	23.748355627059937
191482004.0	23.764302730560303
191482004.0	23.774269104003906
191482004.0	23.796196222305298
191482004.0	23.81014919281006
191482004.0	23.82111382484436
191482004.0	23.83008313179016
191482004.0	23.842042684555054
191482004.0	23.851019144058228
191482004.0	23.858986616134644
191482004.0	23.867958545684814
191482004.0	23.87592887878418
191482004.0	23.884899377822876
191482004.0	23.893868923187256
191482004.0	23.901851892471313
191482004.0	23.909815788269043
191482004.0	23.918785572052002
191482004.0	23.926759719848633
191482004.0	23.935729503631592
191482004.0	23.945696115493774
191482004.0	23.958653688430786
191482004.0	23.97061252593994
191482004.0	23.98456597328186
191482004.0	23.99652647972107
191482004.0	24.009483098983765
191482004.0	24.0184588432312
191482004.0	24.027422666549683
191482004.0	24.03639268875122
191482004.0	24.045365571975708
191482004.0	24.054332494735718
191482004.0	24.064300298690796
191482004.0	24.073269605636597
191482004.0	24.08124351501465
191482004.0	24.09021282196045
191482004.0	24.10017991065979
191482004.0	24.10914897918701
191482004.0	24.117122650146484
191482004.0	24.129082918167114
191482004.0	24.141042709350586
191482004.0	24.15400195121765
191482004.0	24.162970542907715
191482004.0	24.170944690704346
191482004.0	24.182902097702026
191482004.0	24.191874980926514
191482004.0	24.20084238052368
191482004.0	24.210808753967285
191482004.0	24.219781637191772
191482004.0	24.22874903678894
191482004.0	24.240708827972412
191482004.0	24.250675201416016
191482004.0	24.25964617729187
191482004.0	24.26961612701416
191482004.0	24.278583526611328
191482004.0	24.28755235671997
191482004.0	24.30150604248047
191482004.0	24.315459966659546
191482004.0	24.32741951942444
191482004.0	24.33937907218933
191482004.0	24.35133934020996
191482004.0	24.36728596687317
191482004.0	24.380242109298706
191482004.0	24.39120626449585
191482004.0	24.401172876358032
